,POP_2015,active_living,community_space,education,food_choices,health_wellbeing,mobility,nightlife,ID_HDC_G0,lng,lat
0,9.851,817,739,840,1230,2418,1246,2407,1891.0,-0.8016766484053583,51.387118367629895
1,34.477,793,715,816,1206,2394,1222,2383,1891.0,-0.8003371719669199,51.38711836762989
2,0.428,699,622,722,1112,2301,1129,2290,1891.0,-0.7989976955284817,51.38711836762989
3,5.551,0,77,787,1022,2307,998,2157,1891.0,-0.7963187426516047,51.38711836762989
4,7.78,46,130,840,982,2355,958,2117,1891.0,-0.7949792662131666,51.387118367629895
5,2.347,124,202,912,897,2280,873,2032,1891.0,-0.793639789774728,51.387118367629895
6,1.985,241,318,935,879,2262,855,2013,1891.0,-0.79230031333629,51.387118367629895
7,24.331,805,728,828,1218,2407,1234,2396,1891.0,-0.8016659622703852,51.38615298885669
8,30.305,731,653,754,1144,2332,1160,2321,1891.0,-0.800326503686809,51.3861529888567
9,1.61,628,551,652,1042,2230,1058,2219,1891.0,-0.798987045103233,51.38615298885671
10,0.0,564,487,587,977,2166,993,2155,1891.0,-0.7976475865196565,51.38615298885671
11,3.927,197,119,606,938,2126,954,2115,1891.0,-0.7963081279360805,51.38615298885671
12,7.491,17,101,811,1024,2331,1000,2159,1891.0,-0.794968669352504,51.3861529888567
13,4.347,202,280,876,819,2202,795,1954,1891.0,-0.7936292107689279,51.3861529888567
14,18.857,306,384,914,858,2241,834,1992,1891.0,-0.7922897521853516,51.38615298885669
15,0.513,564,487,587,977,2166,993,2155,1891.0,-0.7989763952808432,51.38518761758097
16,0.0,197,119,606,938,2126,954,2115,1891.0,-0.7976369545511185,51.38518761758097
17,0.0,209,131,578,910,2098,926,2087,1891.0,-0.7962975138213938,51.385187617580954
18,0.022,131,54,655,987,2175,1003,2164,1891.0,-0.7949580730916689,51.38518761758097
19,0.11,359,436,725,667,2050,643,1802,1891.0,-0.7936186323619441,51.38518761758097
20,1.132,386,463,744,655,2038,631,1790,1891.0,-0.7922791916322193,51.38518761758097
21,0.0,545,623,899,801,2184,777,1935,1891.0,-0.7909397509024945,51.38518761758096
22,0.0,650,572,399,914,2037,930,2091,1891.0,-0.8016445918150307,51.38422225380231
23,0.066,650,572,399,914,2037,930,2091,1891.0,-0.8003051689381468,51.384222253802314
24,1.551,505,427,510,900,2088,916,2077,1891.0,-0.7989657460612628,51.38422225380231
25,3.975,382,305,420,786,1974,802,1963,1891.0,-0.797626323184379,51.38422225380231
26,0.0,334,257,452,784,1972,800,1961,1891.0,-0.7962869003074949,51.384222253802314
27,0.0,220,143,589,921,2110,937,2099,1891.0,-0.7949474774306111,51.384222253802314
28,10.731,398,470,701,640,2023,616,1774,1891.0,-0.7936080545537272,51.384222253802314
29,0.53,401,478,743,635,2018,611,1770,1891.0,-0.7922686316768432,51.384222253802314
30,0.0,480,557,831,734,2117,710,1868,1891.0,-0.7909292087999592,51.38422225380231
31,21.35,674,597,374,889,2013,906,2067,1891.0,-0.8016339074945493,51.38325689752036
32,18.5,690,613,249,764,1888,781,1942,1891.0,-0.8002945024694958,51.383256897520354
33,32.653,575,497,241,756,1879,772,1933,1891.0,-0.7989550974444424,51.38325689752036
34,43.127,526,449,289,751,1907,767,1928,1891.0,-0.7976156924193888,51.38325689752036
35,0.204,518,440,274,600,1789,617,1778,1891.0,-0.7962762873943353,51.383256897520354
36,0.017,479,556,790,543,1926,519,1677,1891.0,-0.7935974773442284,51.38325689752037
37,0.076,509,586,819,513,1896,489,1648,1891.0,-0.7922580723191747,51.38325689752036
38,33.619,938,862,308,823,1946,839,2000,1891.0,-0.802962610953033,51.382291548734756
39,49.256,774,696,300,815,1939,832,1993,1891.0,-0.8016232237787995,51.382291548734756
40,30.993,796,718,218,733,1856,749,1911,1891.0,-0.8002838366045659,51.38229154873478
41,26.521,684,607,131,646,1769,662,1823,1891.0,-0.7989444494303325,51.38229154873477
42,27.336,543,465,244,640,1828,656,1817,1891.0,-0.7976050622560985,51.382291548734756
43,22.31,586,509,205,544,1732,560,1721,1891.0,-0.796265675081865,51.38229154873476
44,21.071,685,608,328,548,1777,524,1682,1891.0,-0.7949262879076316,51.38229154873478
45,40.393,891,813,510,486,1869,462,1620,1891.0,-0.793586900733398,51.38229154873478
46,2.692,704,781,823,350,1733,326,1485,1891.0,-0.7922475135591641,51.382291548734756
47,0.827,1071,1149,890,375,1758,351,1509,1891.0,-0.7909081263849307,51.382291548734756
48,15.402,558,1269,798,742,1643,946,2050,1891.0,-0.8029519099921547,51.381326207445156
49,2.056,832,755,216,731,1855,748,1909,1891.0,-0.8016125406677307,51.381326207445156
50,7.425,829,778,143,658,1781,674,1836,1891.0,-0.8002731713433067,51.38132620744516
51,40.02,736,671,38,553,1676,569,1730,1891.0,-0.7989338020188829,51.38132620744517
52,21.207,629,781,71,443,1566,459,1620,1891.0,-0.7975944326944588,51.381326207445156
53,44.723,673,595,291,475,1664,491,1652,1891.0,-0.7962550633700349,51.38132620744516
54,38.198,782,705,401,485,1773,461,1619,1891.0,-0.794915694045611,51.38132620744516
55,58.131,905,839,535,328,1711,304,1462,1891.0,-0.793576324721187,51.38132620744516
56,23.21,815,886,633,268,1651,244,1402,1891.0,-0.7922369553967631,51.381326207445156
57,4.683,1040,1117,859,344,1727,320,1478,1891.0,-0.7908975860723392,51.38132620744517
58,57.897,599,1310,838,783,1683,987,2091,1891.0,-0.802941209636918,51.38036087365118
59,32.615,18,1147,562,423,1323,787,1731,1891.0,-0.8016018581612934,51.380360873651185
60,0.537,43,1209,554,415,1316,850,1723,1891.0,-0.8002625066856688,51.38036087365118
61,7.452,701,709,0,515,1638,531,1692,1891.0,-0.7989231552100442,51.380360873651185
62,5.794,543,808,157,443,1480,459,1620,1891.0,-0.7975838037344196,51.38036087365118
63,20.27,556,749,170,357,1493,373,1534,1891.0,-0.7962444522587953,51.380360873651185
64,39.701,662,796,276,272,1599,288,1449,1891.0,-0.7949051007831706,51.38036087365118
65,17.837,809,876,423,227,1653,243,1404,1891.0,-0.7935657493075462,51.38036087365118
66,14.157,850,917,599,184,1610,200,1361,1891.0,-0.7922263978319216,51.380360873651185
67,6.245,887,964,698,183,1566,159,1317,1891.0,-0.7908870463562969,51.38036087365118
68,35.913,128,1037,492,353,1253,677,1661,1891.0,-0.8029305098872731,51.379395547352466
69,83.423,205,1082,385,245,1146,723,1553,1891.0,-0.8015911762594378,51.379395547352466
70,32.953,152,1140,446,306,1207,764,1614,1891.0,-0.8002518426316028,51.37939554735247
71,28.925,324,969,377,360,1261,592,1668,1891.0,-0.7989125090037672,51.379395547352466
72,22.698,541,919,327,399,1478,415,1576,1891.0,-0.7975731753759321,51.37939554735247
73,21.39,554,932,340,386,1491,402,1563,1891.0,-0.7962338417480966,51.379395547352466
74,31.63,713,854,327,214,1640,230,1391,1891.0,-0.7948945081202613,51.379395547352466
75,26.929,771,912,386,142,1568,158,1319,1891.0,-0.7935551744924261,51.37939554735247
76,23.704,900,1041,515,0,1425,16,1177,1891.0,-0.7922158408645908,51.37939554735249
77,4.098,944,1085,558,43,1387,27,1138,1891.0,-0.7908765072367554,51.379395547352466
78,40.819,234,998,557,418,1318,638,1726,1891.0,-0.8029198107431708,51.37843022854867
79,32.661,283,1009,311,172,1072,649,1480,1891.0,-0.8015804949621148,51.37843022854867
80,74.394,442,1069,298,0,1059,710,1419,1891.0,-0.8002411791810584,51.37843022854866
81,63.355,551,1178,407,108,993,790,1333,1891.0,-0.7989018634000024,51.37843022854867
82,17.165,606,1233,462,164,1048,845,1388,1891.0,-0.7975625476189462,51.378430228548666
83,55.925,991,1249,663,312,1163,296,1244,1891.0,-0.7935446002757778,51.37843022854867
84,38.843,1071,1181,742,232,1242,216,1176,1891.0,-0.7922052844947217,51.37843022854867
85,5.352,1014,1082,628,113,1326,94,1077,1891.0,-0.7908659687136654,51.378430228548666
86,0.0,1496,1436,1621,1562,2161,1302,2482,1891.0,-0.8163020915574307,51.37746491723939
87,2.157,1417,1305,1490,1432,2031,1172,2403,1891.0,-0.8149627936221435,51.377464917239394
88,0.007,1417,1305,1490,1432,2031,1172,2403,1891.0,-0.8136234956868565,51.377464917239394
89,12.484,820,1039,1060,1002,1764,906,2172,1891.0,-0.8109448998162825,51.377464917239394
90,72.647,722,1169,962,904,1723,852,2131,1891.0,-0.8096056018809957,51.37746491723939
91,71.267,641,1088,881,823,1642,771,2050,1891.0,-0.8082663039457085,51.377464917239394
92,41.923,688,1177,928,869,1689,818,2096,1891.0,-0.8069270060104218,51.3774649172394
93,32.292,531,830,581,522,1342,471,1749,1891.0,-0.8055877080751345,51.3774649172394
94,19.355,444,732,472,395,1233,372,1640,1891.0,-0.8042484101398476,51.377464917239394
95,69.933,583,769,283,224,1044,410,1451,1891.0,-0.8029091122045606,51.3774649172394
96,43.062,362,990,218,79,979,630,1387,1891.0,-0.8015698142692737,51.377464917239394
97,55.385,447,912,133,75,894,553,1302,1891.0,-0.8002305163339868,51.3774649172394
98,49.028,624,1083,296,213,865,663,1206,1891.0,-0.7988912183986996,51.377464917239394
99,31.806,642,1086,313,230,848,645,1188,1891.0,-0.7975519204634126,51.3774649172394
100,47.18,772,1203,444,360,943,516,1284,1891.0,-0.7962126225281256,51.377464917239394
101,37.867,1225,793,761,702,909,758,823,1891.0,-0.7948733245928385,51.3774649172394
102,37.281,1079,1125,751,379,1251,363,1120,1891.0,-0.7935340266575516,51.37746491723941
103,38.522,1085,1110,757,373,1257,357,1104,1891.0,-0.7921947287222646,51.3774649172394
104,30.757,1133,974,747,232,1217,216,969,1891.0,-0.7908554307869775,51.377464917239394
105,18.904,1536,1476,1661,1602,2201,1342,2522,1891.0,-0.8162912151766705,51.37649961342428
106,14.396,1306,1193,1378,1320,1919,1060,2291,1891.0,-0.8149519350861429,51.37649961342429
107,0.875,1417,1305,1490,1432,2031,1172,2403,1891.0,-0.813612654995615,51.376499613424286
108,49.315,847,914,1057,999,1639,780,2046,1891.0,-0.8109340948145597,51.37649961342429
109,52.858,811,974,1051,993,1699,840,2106,1891.0,-0.8095948147240316,51.37649961342429
110,21.42,752,1142,992,933,1753,882,2160,1891.0,-0.8082555346335039,51.376499613424286
111,21.804,676,1166,916,858,1677,806,2085,1891.0,-0.8069162545429762,51.37649961342429
112,33.431,599,751,573,515,1285,402,1692,1891.0,-0.8055769744524484,51.37649961342429
113,37.123,525,651,413,355,1151,291,1559,1891.0,-0.8042376943619208,51.376499613424286
114,36.814,583,769,283,224,1044,410,1451,1891.0,-0.8028984142713929,51.37649961342428
115,34.395,581,903,0,58,877,543,1285,1891.0,-0.8015591341808652,51.37649961342429
116,44.929,542,825,78,19,799,465,1207,1891.0,-0.8002198540903374,51.37649961342429
117,53.664,752,995,287,229,735,635,1075,1891.0,-0.7975412939092819,51.37649961342429
118,23.59,789,1220,460,377,960,499,1301,1891.0,-0.7962020138187542,51.37649961342429
119,38.982,1225,793,761,702,909,758,823,1891.0,-0.7948627337282264,51.37649961342428
120,24.385,1090,1129,762,392,1262,376,1124,1891.0,-0.7935234536376987,51.37649961342429
121,33.379,1212,751,792,543,941,524,782,1891.0,-0.7921841735471707,51.37649961342428
122,46.349,1212,870,826,311,1114,292,865,1891.0,-0.7908448934566431,51.376499613424286
123,21.624,1654,1594,1779,1721,2320,1461,2640,1891.0,-0.8162803394114018,51.37553431710301
124,22.343,1258,1146,1331,1273,1871,1013,2244,1891.0,-0.814941077164623,51.37553431710301
125,0.0,1306,1193,1378,1320,1919,1060,2291,1891.0,-0.8136018149178449,51.37553431710302
126,0.0,1007,862,1047,989,1587,729,1995,1891.0,-0.8122625526710664,51.375534317103
127,14.191,903,754,934,875,1479,621,1887,1891.0,-0.8109232904242882,51.37553431710302
128,25.87,932,711,896,838,1436,578,1844,1891.0,-0.8095840281775099,51.37553431710301
129,52.62,812,526,711,653,1251,393,1659,1891.0,-0.8082447659307314,51.375534317103
130,26.562,885,454,770,725,1179,321,1587,1891.0,-0.8069055036839532,51.375534317103
131,22.486,986,556,872,827,1281,423,1689,1891.0,-0.8055662414371746,51.37553431710301
132,34.046,600,576,476,418,1110,216,1518,1891.0,-0.8042269791903964,51.37553431710301
133,28.786,708,659,244,185,633,299,1041,1891.0,-0.8002091924500615,51.37553431710301
134,17.722,851,761,386,328,491,402,898,1891.0,-0.7988699302032831,51.37553431710301
135,32.341,901,856,436,378,585,497,926,1891.0,-0.7975306679565046,51.375534317103
136,28.205,901,856,436,378,585,497,926,1891.0,-0.7961914057097264,51.375534317103
137,45.552,1042,754,577,519,726,638,785,1891.0,-0.7948521434629481,51.375534317103
138,75.218,1119,687,654,596,803,661,717,1891.0,-0.7935128812161696,51.37553431710301
139,62.248,1212,751,792,543,941,524,782,1891.0,-0.7921736189693914,51.37553431710301
140,66.681,1220,795,905,406,1038,387,789,1891.0,-0.7908343567226128,51.375534317103
141,7.043,1035,1168,1354,1295,1894,1035,2021,1891.0,-0.8162694642615729,51.374569028275175
142,3.025,1158,1046,1231,1172,1771,912,2144,1891.0,-0.8149302198575342,51.37456902827519
143,0.0,1007,862,1047,989,1587,729,1995,1891.0,-0.8122517310494569,51.374569028275175
144,25.196,984,681,948,890,1407,548,1814,1891.0,-0.810912486645418,51.374569028275175
145,44.394,1006,660,970,912,1385,527,1793,1891.0,-0.8095732422413794,51.374569028275175
146,52.387,1111,505,822,858,1231,372,1638,1891.0,-0.8082339978373408,51.37456902827518
147,36.251,984,355,671,707,1080,222,1488,1891.0,-0.806894753433302,51.374569028275175
148,15.842,919,246,562,598,971,113,1379,1891.0,-0.8055555090292634,51.374569028275175
149,51.728,806,359,449,485,893,0,1301,1891.0,-0.8042162646252248,51.37456902827518
150,32.711,882,461,346,382,791,102,1198,1891.0,-0.802877020221186,51.374569028275175
151,23.243,858,509,324,335,743,150,1150,1891.0,-0.8015377758171474,51.37456902827517
152,37.87,736,646,271,213,623,287,1031,1891.0,-0.8001985314131087,51.374569028275175
153,33.301,812,722,347,289,530,363,937,1891.0,-0.79885928700907,51.374569028275175
154,57.244,901,856,436,378,585,497,926,1891.0,-0.7975200426050314,51.37456902827519
155,62.971,1077,616,658,581,867,659,646,1891.0,-0.7921630649888767,51.37456902827518
156,85.08,1148,723,834,558,967,539,718,1891.0,-0.790823820584838,51.37456902827519
157,51.118,1204,482,891,927,1233,442,1640,1891.0,-0.8095624569155905,51.37360374694043
158,48.865,1123,448,810,846,1186,361,1593,1891.0,-0.8082232303532818,51.37360374694043
159,16.809,927,238,570,606,976,120,1384,1891.0,-0.8055447772286644,51.373603746940425
160,24.745,847,357,490,526,860,41,1267,1891.0,-0.804205550666356,51.373603746940425
161,22.477,884,437,371,407,816,77,1223,1891.0,-0.8028663241040473,51.37360374694043
162,36.641,883,509,298,360,747,150,1154,1891.0,-0.8015270975417387,51.37360374694043
163,50.301,987,691,246,621,371,695,778,1891.0,-0.798848644417121,51.373603746940425
164,33.732,901,605,333,534,284,609,692,1891.0,-0.7975094178548124,51.373603746940425
165,55.316,889,593,447,559,273,723,680,1891.0,-0.7961701912925039,51.37360374694043
166,51.279,967,456,498,422,708,1036,543,1891.0,-0.7948309647301951,51.37360374694043
167,34.1,908,447,489,413,699,901,478,1891.0,-0.7934917381678865,51.37360374694043
168,78.983,841,380,422,346,632,895,411,1891.0,-0.7921525116055778,51.37360374694043
169,72.86,964,503,545,469,755,808,534,1891.0,-0.7908132850432691,51.373603746940425
170,3.446,1274,442,1085,1137,1193,651,1600,1891.0,-0.810890880921681,51.3726384730984
171,29.686,1256,423,1066,1118,1174,633,1582,1891.0,-0.8095516722000928,51.37263847309839
172,29.606,1141,356,784,820,1107,334,1514,1891.0,-0.8082124634785044,51.3726384730984
173,25.825,1004,674,74,585,522,375,930,1891.0,-0.8015164198705632,51.372638473098405
174,58.117,1057,760,177,690,440,626,847,1891.0,-0.8001772111489749,51.372638473098405
175,56.839,1022,726,212,655,405,661,813,1891.0,-0.7988380024273867,51.3726384730984
176,29.974,832,536,373,501,215,677,623,1891.0,-0.7974987937057986,51.37263847309839
177,52.99,889,593,447,559,273,723,680,1891.0,-0.7961595849842104,51.3726384730984
178,36.312,850,338,380,304,590,1153,425,1891.0,-0.794820376262622,51.3726384730984
179,51.706,775,263,305,229,515,1128,351,1891.0,-0.7934811675410338,51.3726384730984
180,17.085,776,316,358,281,567,982,346,1891.0,-0.7921419588194457,51.372638473098405
181,0.0,821,715,1261,1410,1369,925,1776,1891.0,-0.8148976516223452,51.371673206748724
182,4.326,909,628,1173,1322,1281,837,1689,1891.0,-0.813558460740468,51.37167320674872
183,3.14,1018,519,1064,1213,1172,728,1580,1891.0,-0.8122192698585904,51.371673206748724
184,31.759,1161,329,971,1023,1079,538,1487,1891.0,-0.809540888094836,51.37167320674872
185,26.533,1073,241,865,935,991,450,1399,1891.0,-0.8082016972129586,51.371673206748724
186,39.819,1165,0,642,844,750,359,1158,1891.0,-0.8055233154492039,51.371673206748724
187,26.563,1165,0,642,844,750,359,1158,1891.0,-0.8041841245673267,51.37167320674872
188,30.757,1030,201,441,835,549,352,956,1891.0,-0.8028449336854493,51.371673206748724
189,41.316,940,610,10,649,458,439,866,1891.0,-0.8015057428035719,51.37167320674872
190,33.934,1032,702,102,761,515,551,922,1891.0,-0.8001665519216946,51.371673206748724
191,22.99,1057,760,177,690,440,626,847,1891.0,-0.7988273610398176,51.371673206748724
192,30.006,681,385,274,350,64,828,472,1891.0,-0.7974881701579402,51.37167320674872
193,39.093,704,243,132,209,132,1026,330,1891.0,-0.7961489792760627,51.37167320674872
194,22.328,820,309,351,274,560,1173,396,1891.0,-0.7948097883941855,51.37167320674872
195,20.268,722,210,252,176,462,1123,298,1891.0,-0.7934705975123083,51.371673206748724
196,18.839,671,185,227,151,437,1090,244,1891.0,-0.792131406630431,51.37167320674872
197,0.995,574,149,259,143,392,1110,143,1891.0,-0.7907922157485535,51.37167320674872
198,23.083,687,850,1395,1544,1503,1059,1673,1891.0,-0.8162259698156488,51.370707947891056
199,16.1,800,737,1283,1432,1391,946,1770,1891.0,-0.814886796772473,51.37070794789104
200,12.214,909,628,1173,1322,1281,837,1689,1891.0,-0.8135476237292976,51.37070794789105
201,17.325,1018,519,1064,1213,1172,728,1580,1891.0,-0.8122084506861217,51.37070794789105
202,40.591,993,386,877,1136,985,651,1392,1891.0,-0.80953010459977,51.37070794789105
203,16.927,946,312,802,1062,910,576,1318,1891.0,-0.808190931556594,51.37070794789105
204,23.948,1146,85,557,930,665,445,1072,1891.0,-0.8055125854702426,51.37070794789105
205,29.747,1146,85,557,930,665,445,1072,1891.0,-0.8041734124270667,51.37070794789105
206,53.586,1027,204,438,832,546,355,953,1891.0,-0.8028342393838911,51.37070794789105
207,39.918,759,430,170,564,278,619,685,1891.0,-0.8014950663407153,51.37070794789105
208,20.342,726,397,203,531,245,652,652,1891.0,-0.8001558932975394,51.370707947891056
209,31.94,630,389,302,406,120,777,528,1891.0,-0.7988167202543637,51.37070794789105
210,37.62,622,325,215,291,5,888,412,1891.0,-0.7974775472111877,51.37070794789105
211,53.939,690,229,118,195,118,1012,316,1891.0,-0.7961383741680121,51.37070794789105
212,64.803,656,195,85,161,189,1083,282,1891.0,-0.7947992011248362,51.37070794789105
213,39.101,533,46,63,12,273,1071,134,1891.0,-0.7934600280816605,51.370707947891056
214,57.463,491,56,166,50,310,1030,61,1891.0,-0.7921208550384846,51.37070794789105
215,27.565,574,149,260,144,393,1054,144,1891.0,-0.7907816819953087,51.37070794789105
216,21.021,555,1206,1182,1261,1489,1452,1273,1891.0,-0.8162150977422629,51.36974269652502
217,29.201,567,1193,1170,1249,1477,1458,1261,1891.0,-0.8148759425367791,51.36974269652503
218,37.039,545,1162,1138,1217,1445,1426,1229,1891.0,-0.8135367873312956,51.36974269652502
219,11.723,545,1162,1138,1217,1445,1426,1229,1891.0,-0.812197632125812,51.36974269652502
220,28.462,707,742,917,1100,1025,1006,1111,1891.0,-0.8108584769203283,51.36974269652503
221,48.288,886,440,854,1165,962,705,1291,1891.0,-0.8095193217148449,51.36974269652502
222,24.779,852,436,820,1131,928,701,1257,1891.0,-0.8081801665093609,51.36974269652502
223,27.094,803,595,630,941,738,807,1146,1891.0,-0.8068410113038774,51.36974269652503
224,26.896,955,582,557,951,665,733,1072,1891.0,-0.8055018560983939,51.36974269652502
225,36.13,1010,449,423,817,531,600,939,1891.0,-0.8041627008929103,51.36974269652503
226,39.093,898,334,308,702,416,484,824,1891.0,-0.8028235456874268,51.36974269652502
227,41.818,759,430,170,564,278,619,685,1891.0,-0.8014843904819431,51.36974269652502
228,52.302,688,341,259,513,301,709,673,1891.0,-0.8001452352764594,51.36974269652504
229,31.206,544,302,367,431,178,835,565,1891.0,-0.7988060800709758,51.36974269652502
230,35.925,419,178,241,307,245,945,438,1891.0,-0.7974669248654923,51.36974269652502
231,66.302,472,231,144,221,144,1011,342,1891.0,-0.7961277696600085,51.36974269652504
232,50.997,419,177,185,249,197,957,370,1891.0,-0.794788614454525,51.36974269652502
233,61.126,375,193,319,80,193,914,107,1891.0,-0.7934494592490414,51.36974269652504
234,59.341,411,109,220,1,230,950,22,1891.0,-0.7921103040435575,51.36974269652502
235,47.976,592,167,278,162,410,1130,162,1891.0,-0.7907711488380742,51.36974269652502
236,47.899,541,1158,1135,1214,1442,1423,1226,1891.0,-0.8162042262840131,51.36877745265027
237,40.971,425,1042,1018,1098,1326,1307,1110,1891.0,-0.8148650889152127,51.36877745265027
238,54.848,513,1130,1107,1186,1414,1395,1198,1891.0,-0.8135259515464119,51.36877745265027
239,34.919,524,958,992,1057,1242,1223,1069,1891.0,-0.8121868141776113,51.36877745265027
240,22.679,567,713,888,960,997,977,972,1891.0,-0.8108476768088105,51.36877745265027
241,25.484,632,667,843,1025,951,932,1037,1891.0,-0.80950853944001,51.36877745265027
242,8.119,740,532,701,1011,809,797,1145,1891.0,-0.8081694020712091,51.36877745265027
243,45.613,803,595,630,941,738,807,1146,1891.0,-0.8068302647024086,51.36877745265027
244,34.384,912,541,646,832,754,822,1109,1891.0,-0.8054911273336078,51.36877745265027
245,51.622,1010,449,423,817,531,600,939,1891.0,-0.8041519899648072,51.36877745265027
246,34.437,812,309,439,599,547,615,877,1891.0,-0.8028128525960067,51.36877745265027
247,28.589,794,291,519,581,614,695,859,1891.0,-0.8014737152272058,51.36877745265027
248,47.62,715,211,388,502,430,793,779,1891.0,-0.8001345778584051,51.368777452650264
249,22.75,533,207,357,342,369,878,555,1891.0,-0.7987954404896045,51.36877745265027
250,21.561,474,233,298,362,310,923,496,1891.0,-0.7974563031208037,51.36877745265027
251,27.062,325,83,322,212,212,856,364,1891.0,-0.7961171657520031,51.368777452650264
252,45.866,334,92,237,187,221,872,309,1891.0,-0.7947780283832024,51.368777452650264
253,107.596,299,117,349,10,117,837,10,1891.0,-0.7934388910144016,51.36877745265027
254,70.894,348,166,414,75,166,886,54,1891.0,-0.792099753645601,51.36877745265027
255,33.437,438,257,445,150,257,977,129,1891.0,-0.7907606162768003,51.36877745265027
256,30.991,152,1117,1094,1173,1401,1382,1185,1891.0,-0.8161933554408498,51.3678122162664
257,23.476,257,1008,984,1064,1292,1272,1075,1891.0,-0.814854235907723,51.36781221626642
258,27.501,397,879,843,922,1163,1144,934,1891.0,-0.8135151163745961,51.3678122162664
259,2.978,447,866,788,867,1194,1175,879,1891.0,-0.8121759968414691,51.367812216266415
260,3.89,556,767,736,801,1148,1112,813,1891.0,-0.8108368773083423,51.36781221626642
261,1.436,611,646,822,1004,930,911,1016,1891.0,-0.8094977577752155,51.36781221626641
262,24.66,858,367,561,645,669,738,924,1891.0,-0.802802160109581,51.367812216266415
263,29.118,772,329,629,558,659,805,856,1891.0,-0.8014630405764538,51.3678122162664
264,29.423,673,231,652,460,561,857,758,1891.0,-0.800123921043327,51.36781221626642
265,37.17,581,108,565,368,469,826,659,1891.0,-0.7987848015102,51.36781221626641
266,25.464,503,0,564,290,391,840,575,1891.0,-0.7974456819770733,51.367812216266415
267,20.924,339,154,490,125,226,676,416,1891.0,-0.7961065624439463,51.36781221626642
268,60.139,225,26,357,112,112,764,264,1891.0,-0.7947674429108192,51.3678122162664
269,127.136,158,23,441,45,11,697,150,1891.0,-0.7934283233776924,51.36781221626642
270,54.879,281,99,546,168,99,820,227,1891.0,-0.7920892038445655,51.3678122162664
271,77.93,452,445,539,403,445,1156,382,1891.0,-0.7880718452451849,51.367812216266415
272,6.794,476,506,483,529,506,1207,508,1891.0,-0.7867327257120578,51.3678122162664
273,44.792,512,541,519,564,541,1242,544,1891.0,-0.7853936061789308,51.36781221626641
274,10.181,823,853,688,876,853,1554,855,1891.0,-0.7840544866458042,51.367812216266415
275,5.079,937,941,336,956,994,1451,936,1891.0,-0.7827153671126772,51.3678122162664
276,1.75,961,941,336,936,994,1451,936,1891.0,-0.7813762475795503,51.36781221626642
277,2.218,1628,1560,1257,1555,1657,2202,1555,1891.0,-0.7800371280464234,51.36781221626641
278,3.082,1753,1686,1382,1681,1783,2327,1681,1891.0,-0.7786980085132965,51.36781221626641
279,2.655,1982,1914,1610,1909,2011,2556,1909,1891.0,-0.7773588889801696,51.3678122162664
280,9.645,77,1201,1177,1256,1484,1465,1268,1891.0,-0.8161824852127219,51.36684698737311
281,29.428,36,1295,1272,1351,1579,1560,1363,1891.0,-0.8148433835142599,51.3668469873731
282,80.752,36,1387,1364,1443,1671,1652,1455,1891.0,-0.8135042818157976,51.3668469873731
283,17.584,697,616,538,617,1347,1233,629,1891.0,-0.8121651801173352,51.3668469873731
284,3.596,604,746,696,747,1188,1138,758,1891.0,-0.8108260784188732,51.36684698737311
285,0.0,605,748,698,748,1187,1139,760,1891.0,-0.8094869767204108,51.36684698737311
286,4.744,772,329,629,558,659,805,856,1891.0,-0.8014523665296375,51.3668469873731
287,18.95,678,484,887,464,565,634,762,1891.0,-0.8001132648311753,51.366846987373094
288,103.462,532,331,734,319,420,629,616,1891.0,-0.7987741631327132,51.3668469873731
289,38.154,462,382,761,248,349,680,546,1891.0,-0.797435061434251,51.36684698737311
290,49.588,350,282,672,137,237,586,434,1891.0,-0.7960959597357885,51.366846987373094
291,57.353,190,146,537,0,78,573,274,1891.0,-0.7947568580373264,51.3668469873731
292,33.429,230,186,576,64,117,667,314,1891.0,-0.7934177563388644,51.3668469873731
293,7.545,4,177,567,108,108,759,304,1891.0,-0.7920786546404022,51.36684698737311
294,11.454,272,435,515,366,366,943,563,1891.0,-0.7907395529419399,51.3668469873731
295,71.742,241,405,569,336,336,972,533,1891.0,-0.7894004512434777,51.36684698737311
296,33.122,318,482,571,413,413,1049,516,1891.0,-0.7880613495450154,51.36684698737311
297,0.318,553,582,336,606,582,1108,585,1891.0,-0.7867222478465531,51.36684698737311
298,1.386,711,779,411,735,755,1201,781,1891.0,-0.785383146148091,51.3668469873731
299,0.0,1087,1117,303,1111,1170,1546,1112,1891.0,-0.7813658410527042,51.3668469873731
300,1.357,1628,1560,1257,1555,1657,2202,1555,1891.0,-0.780026739354242,51.3668469873731
301,0.473,170,1261,1238,1317,1545,1526,1329,1891.0,-0.816171615599579,51.365881765969974
302,17.377,17,1406,1383,1462,1690,1671,1474,1891.0,-0.813493447869966,51.365881765969974
303,71.38,763,550,471,550,1413,1167,562,1891.0,-0.8121543640051594,51.365881765969974
304,6.691,763,550,471,550,1413,1167,562,1891.0,-0.8108152801403529,51.36588176596997
305,8.128,934,436,651,436,1180,809,437,1891.0,-0.8067980285459333,51.36588176596998
306,7.462,967,469,686,470,1147,774,405,1891.0,-0.8054589446811268,51.365881765969974
307,0.018,1044,492,762,493,1070,702,346,1891.0,-0.8041198608163201,51.36588176596997
308,32.122,674,480,884,461,562,622,759,1891.0,-0.8001026092219006,51.36588176596997
309,58.284,599,405,809,386,487,547,683,1891.0,-0.7987635253570942,51.36588176596998
310,49.465,540,438,840,327,428,580,624,1891.0,-0.7974244414922874,51.36588176596997
311,28.313,388,344,723,174,275,606,472,1891.0,-0.796085357627481,51.365881765969974
312,34.214,272,229,608,59,160,508,356,1891.0,-0.7947462737626744,51.36588176596998
313,16.672,327,283,662,150,214,653,411,1891.0,-0.7934071898978681,51.36588176596998
314,24.534,342,298,646,171,229,671,426,1891.0,-0.7920681060330615,51.36588176596997
315,15.701,393,494,452,361,425,827,622,1891.0,-0.790729022168255,51.36588176596997
316,12.317,305,469,481,386,400,908,596,1891.0,-0.7893899383034484,51.365881765969974
317,26.055,579,682,263,545,613,979,766,1891.0,-0.7880508544386418,51.36588176596998
318,11.794,566,670,250,590,646,1037,673,1891.0,-0.7867117705738352,51.36588176596997
319,29.634,638,771,147,663,728,1101,774,1891.0,-0.7853726867090289,51.36588176596998
320,1.825,816,949,36,841,906,1279,951,1891.0,-0.7840336028442225,51.36588176596998
321,2.397,903,1036,122,927,993,1365,1038,1891.0,-0.7826945189794156,51.36588176596997
322,0.081,987,1120,204,1012,1077,1447,1122,1891.0,-0.7813554351146093,51.36588176596997
323,0.0,1117,1258,342,1150,1215,1585,1261,1891.0,-0.7800163512498027,51.36588176596997
324,3.844,1136,1278,381,1189,1254,1623,1300,1891.0,-0.7786772673849963,51.36588176596998
325,6.138,1254,1396,499,1307,1372,1742,1418,1891.0,-0.7773381835201898,51.365881765969974
326,5.016,848,465,386,466,1498,1082,477,1891.0,-0.8121435485048911,51.36491655205666
327,3.328,869,469,365,470,1519,1086,481,1891.0,-0.8108044824727313,51.36491655205668
328,0.613,1045,269,366,269,1466,886,281,1891.0,-0.8094654164405716,51.36491655205668
329,10.09,1099,248,463,249,1368,833,260,1891.0,-0.8081263504084119,51.36491655205666
330,18.371,1074,321,537,322,1308,760,291,1891.0,-0.8067872843762521,51.36491655205668
331,23.433,1140,376,665,377,1180,699,229,1891.0,-0.8054482183440923,51.36491655205666
332,19.078,1042,484,760,485,1072,696,338,1891.0,-0.8041091523119325,51.36491655205666
333,7.007,1031,664,939,665,918,543,517,1891.0,-0.8027700862797729,51.36491655205666
334,0.753,991,677,952,678,879,503,530,1891.0,-0.8014310202476129,51.36491655205666
335,29.032,659,548,885,445,546,404,593,1891.0,-0.8000919542154533,51.36491655205666
336,53.589,625,542,906,411,512,439,627,1891.0,-0.7987528881832936,51.36491655205666
337,29.308,566,523,902,353,454,497,651,1891.0,-0.7974138221511338,51.36491655205666
338,28.83,423,380,457,210,311,339,508,1891.0,-0.7960747561189739,51.36491655205666
339,34.576,491,448,389,278,379,407,576,1891.0,-0.7947356900868143,51.36491655205666
340,36.022,648,604,232,434,535,564,732,1891.0,-0.7933966240546545,51.36491655205668
341,30.159,587,619,295,465,550,626,747,1891.0,-0.7920575580224948,51.36491655205666
342,21.013,727,720,348,550,651,679,848,1891.0,-0.790718491990335,51.36491655205666
343,11.928,832,824,452,654,755,784,952,1891.0,-0.7893794259581752,51.36491655205668
344,20.302,585,681,266,543,612,977,772,1891.0,-0.7880403599260155,51.36491655205666
345,25.946,577,710,212,596,662,1030,713,1891.0,-0.7867012938938557,51.36491655205666
346,24.88,646,779,142,668,734,1104,781,1891.0,-0.7853622278616958,51.36491655205667
347,21.106,793,924,19,815,881,1249,929,1891.0,-0.7840231618295362,51.36491655205668
348,47.451,842,975,58,866,932,1301,977,1891.0,-0.7826840957973765,51.36491655205666
349,36.693,948,1081,165,973,1038,1408,1083,1891.0,-0.7813450297652168,51.36491655205666
350,34.501,1069,1210,362,1171,1237,1605,1283,1891.0,-0.7800059637330569,51.36491655205668
351,0.29,1084,1226,330,1139,1205,1573,1251,1891.0,-0.7786668977008973,51.36491655205668
352,0.093,1266,1407,510,1319,1384,1753,1429,1891.0,-0.7773278316687375,51.36491655205666
353,11.981,822,777,673,777,1827,1394,789,1891.0,-0.8161498782180456,51.36395134563284
354,11.964,822,777,673,777,1827,1394,789,1891.0,-0.8148108300175236,51.36395134563282
355,22.194,960,398,275,399,1583,1015,410,1891.0,-0.8107936854159583,51.36395134563282
356,5.553,1032,294,340,295,1491,911,307,1891.0,-0.8094546372154364,51.36395134563283
357,21.003,1099,214,420,215,1419,831,227,1891.0,-0.8081155890149146,51.36395134563282
358,32.034,1314,9,635,11,1385,734,129,1891.0,-0.8067765408143928,51.363951345632834
359,30.424,1209,321,671,322,1253,644,175,1891.0,-0.8054374926138709,51.36395134563282
360,25.917,1283,256,773,256,1170,519,50,1891.0,-0.8040984444133491,51.36395134563282
361,14.41,1273,306,823,306,1161,510,40,1891.0,-0.8027593962128273,51.36395134563282
362,17.062,795,684,856,581,682,311,458,1891.0,-0.8000812998117838,51.36395134563284
363,70.371,732,668,772,519,620,322,537,1891.0,-0.7987422516112621,51.36395134563284
364,85.397,598,554,631,384,485,181,648,1891.0,-0.7974032034107401,51.36395134563282
365,25.133,600,557,633,387,488,178,645,1891.0,-0.7960641552102183,51.363951345632834
366,12.482,774,730,106,560,661,690,858,1891.0,-0.7947251070096967,51.36395134563283
367,16.774,740,696,140,526,627,656,824,1891.0,-0.7933860588091747,51.36395134563282
368,28.577,963,920,304,750,851,800,1047,1891.0,-0.7920470106086528,51.36395134563282
369,24.383,727,720,348,550,651,679,848,1891.0,-0.790707962408131,51.36395134563282
370,22.094,832,824,452,654,755,784,952,1891.0,-0.7893689142076094,51.36395134563282
371,31.704,948,1050,212,912,981,1124,1083,1891.0,-0.7853517696060438,51.363951345632834
372,0.105,948,1050,212,912,981,1124,1083,1891.0,-0.7840127214055221,51.36395134563283
373,52.432,1093,1235,399,1208,1275,1596,1321,1891.0,-0.782673673205,51.363951345632834
374,34.056,1036,1177,301,1110,1177,1525,1223,1891.0,-0.7813346250044784,51.36395134563282
375,11.965,980,1121,394,1203,1263,1625,1317,1891.0,-0.7799955768039565,51.36395134563282
376,0.071,956,1097,439,1248,1306,1675,1361,1891.0,-0.7786565286034346,51.36395134563282
377,17.464,1112,511,201,512,1708,1128,524,1891.0,-0.812121919339876,51.36298614669809
378,20.862,1085,484,174,485,1681,1101,497,1891.0,-0.8107828889699834,51.36298614669809
379,23.437,1255,58,576,59,1327,675,71,1891.0,-0.8067657978603056,51.36298614669809
380,24.5,1326,129,647,130,1256,604,0,1891.0,-0.8054267674904128,51.36298614669809
381,36.763,1227,270,788,271,1114,463,5,1891.0,-0.8040877371205202,51.36298614669809
382,19.948,1106,391,862,392,994,342,126,1891.0,-0.8027487067506277,51.36298614669809
383,6.155,1086,411,842,412,974,322,146,1891.0,-0.801409676380735,51.36298614669809
384,13.996,872,829,905,659,760,360,669,1891.0,-0.8000706460108424,51.3629861466981
385,46.396,809,765,842,595,696,297,606,1891.0,-0.7987316156409497,51.36298614669809
386,23.879,646,602,679,432,533,134,603,1891.0,-0.797392585271057,51.36298614669809
387,21.586,600,557,633,387,488,178,645,1891.0,-0.7960535549011646,51.36298614669809
388,35.197,800,757,80,587,688,716,884,1891.0,-0.7947145245312721,51.36298614669809
389,38.326,863,819,17,650,750,779,947,1891.0,-0.7933754941613793,51.36298614669809
390,25.69,963,920,304,750,851,800,1047,1891.0,-0.7920364637914866,51.36298614669809
391,1.578,963,920,304,750,851,800,1047,1891.0,-0.7906974334215939,51.36298614669809
392,0.256,1189,1145,529,975,1076,884,1219,1891.0,-0.7893584030517014,51.362986146698105
393,0.028,1166,1122,506,952,1053,932,1250,1891.0,-0.7880193726818087,51.36298614669809
394,10.791,1093,1195,358,1058,1126,1083,1229,1891.0,-0.7853413119420236,51.36298614669809
395,5.684,999,1140,442,1251,1318,1397,1365,1891.0,-0.7826632512022383,51.36298614669809
396,59.651,871,1013,466,1275,1237,1477,1388,1891.0,-0.7813242208323457,51.36298614669809
397,4.09,809,951,557,1366,1181,1487,1479,1891.0,-0.7799851904624531,51.36298614669809
398,0.0,1318,1460,566,1375,1442,1809,1488,1891.0,-0.7786461600925604,51.36298614669809
399,0.0,1429,1571,677,1486,1552,1920,1599,1891.0,-0.7773071297226678,51.36298614669809
400,7.462,990,716,406,717,1913,1333,729,1891.0,-0.8134501182153007,51.36202095525206
401,6.481,1153,635,0,635,1816,1165,647,1891.0,-0.8107720931347564,51.36202095525206
402,18.5,1168,493,760,493,1055,404,227,1891.0,-0.8027380178931238,51.36202095525206
403,11.946,996,501,932,502,884,232,236,1891.0,-0.8013990053528515,51.36202095525206
404,9.231,996,501,932,502,884,232,236,1891.0,-0.8000599928125798,51.36202095525207
405,32.315,826,696,801,613,713,62,431,1891.0,-0.7987209802723076,51.36202095525206
406,7.331,725,682,759,512,613,47,514,1891.0,-0.7973819677320354,51.36202095525207
407,1.084,958,813,839,744,845,194,548,1891.0,-0.7960429551917634,51.36202095525207
408,1.791,1080,1036,420,866,967,684,1037,1891.0,-0.792025917570947,51.36202095525206
409,0.0,1221,1226,610,1056,1157,820,1173,1891.0,-0.7893478924904029,51.36202095525207
410,0.0,1172,1297,568,1163,1264,873,1227,1891.0,-0.7880088799501307,51.36202095525206
411,0.0,1150,1291,538,1193,1294,903,1257,1891.0,-0.7866698674098586,51.36202095525206
412,0.0,1036,1177,422,1122,1191,1037,1293,1891.0,-0.7853308548695866,51.36202095525207
413,0.305,905,1047,634,1374,1277,1400,1536,1891.0,-0.7826528297890423,51.36202095525207
414,19.536,798,939,590,1360,1169,1423,1512,1891.0,-0.7813138172487704,51.36202095525207
415,0.082,735,876,609,1305,1107,1467,1531,1891.0,-0.7799748047084981,51.36202095525206
416,0.0,1080,1221,669,1393,1327,1714,1591,1891.0,-0.7786357921682261,51.36202095525207
417,0.0,1481,1622,728,1537,1604,1971,1650,1891.0,-0.777296779627954,51.36202095525206
418,0.0,904,858,438,859,1990,1338,871,1891.0,-0.816117276756868,51.361055771294424
419,30.934,818,756,335,756,1887,1236,768,1891.0,-0.814778282045208,51.36105577129444
420,6.744,990,716,406,717,1913,1333,729,1891.0,-0.8134392873335478,51.36105577129443
421,18.48,1021,553,132,553,1684,1032,565,1891.0,-0.8121002926218874,51.361055771294424
422,58.331,1021,553,132,553,1684,1032,565,1891.0,-0.8107612979102273,51.361055771294424
423,0.0,1142,432,253,432,1563,912,444,1891.0,-0.8094223031985672,51.361055771294424
424,0.0,859,872,899,813,914,263,606,1891.0,-0.800049340216946,51.361055771294424
425,3.328,870,718,741,657,758,107,452,1891.0,-0.7987103455052859,51.361055771294424
426,2.654,1034,889,763,820,921,270,623,1891.0,-0.7973713507936258,51.36105577129443
427,0.0,958,813,839,744,845,194,548,1891.0,-0.7960323560819655,51.361055771294424
428,0.0,1121,976,747,907,1008,357,710,1891.0,-0.7946933613703056,51.361055771294424
429,0.034,1155,1010,712,941,1042,391,745,1891.0,-0.7933543666586453,51.361055771294424
430,0.1,1221,1176,569,1015,1116,557,911,1891.0,-0.7920153719469852,51.36105577129443
431,0.0,1221,1176,625,1071,1172,557,911,1891.0,-0.790676377235325,51.36105577129443
432,0.0,1168,1309,700,1147,1247,713,1066,1891.0,-0.7893373825236648,51.361055771294424
433,0.0,1194,1303,598,1133,1234,843,1197,1891.0,-0.7879983878120046,51.361055771294424
434,0.0,1005,1147,445,1145,1214,1032,1316,1891.0,-0.7853203983886843,51.36105577129442
435,0.0,973,1114,794,1543,1344,1460,1717,1891.0,-0.782642408965364,51.361055771294424
436,0.0,893,1035,717,1463,1265,1381,1640,1891.0,-0.7813034142537039,51.361055771294424
437,0.0,579,720,758,1149,950,1588,1681,1891.0,-0.7799644195420439,51.36105577129443
438,0.0,760,901,693,1330,1132,1538,1615,1891.0,-0.7786254248303836,51.36105577129444
439,0.0,1532,1674,780,1589,1655,2023,1702,1891.0,-0.7772864301187233,51.361055771294424
440,0.0,956,910,490,911,2041,1390,923,1891.0,-0.8161064108325728,51.3600905948248
441,0.109,840,778,357,778,1909,1258,790,1891.0,-0.814767433948516,51.36009059482479
442,0.0,818,756,335,756,1887,1236,768,1891.0,-0.8134284570644593,51.3600905948248
443,0.285,1021,553,132,553,1684,1032,565,1891.0,-0.8120894801804025,51.3600905948248
444,4.821,1021,553,132,553,1684,1032,565,1891.0,-0.8107505032963458,51.36009059482479
445,0.0,1142,432,253,432,1563,912,444,1891.0,-0.8094115264122891,51.3600905948248
446,0.0,859,872,899,813,914,263,606,1891.0,-0.8013776651079489,51.3600905948248
447,0.0,859,872,899,813,914,263,606,1891.0,-0.800038688223892,51.3600905948248
448,0.0,979,826,642,765,866,215,560,1891.0,-0.7986997113398354,51.3600905948248
449,4.823,1060,909,718,846,947,296,644,1891.0,-0.7973607344557785,51.3600905948248
450,0.0,1239,1088,811,1025,1126,475,822,1891.0,-0.7946827806876652,51.3600905948248
451,0.0,1284,1261,709,1155,1256,642,995,1891.0,-0.7920048269195518,51.3600905948248
452,0.0,1182,1324,798,1244,1345,731,1085,1891.0,-0.790665850035495,51.3600905948248
453,0.0,1071,1212,852,1298,1399,785,1138,1891.0,-0.7893268731514381,51.36009059482479
454,0.0,993,1135,791,1319,1362,816,1170,1891.0,-0.7879878962673815,51.3600905948248
455,0.0,930,1072,728,1428,1302,972,1326,1891.0,-0.7866489193833248,51.3600905948248
456,0.0,826,968,624,1324,1198,952,1306,1891.0,-0.7853099424992679,51.36009059482479
457,0.0,722,864,882,1292,1094,1210,1563,1891.0,-0.7839709656152115,51.3600905948248
458,0.0,722,864,882,1292,1094,1210,1563,1891.0,-0.7826319887311546,51.3600905948248
459,2.846,470,612,668,1040,842,1480,1789,1891.0,-0.7799540349630413,51.3600905948248
460,0.0,1152,1106,685,1107,2237,1586,1119,1891.0,-0.8160955455229083,51.359125425842805
461,0.0,1117,1071,650,1072,2202,1551,1084,1891.0,-0.8147565864654468,51.3591254258428
462,0.0,654,1365,695,1345,1446,795,508,1891.0,-0.808061791178138,51.359125425842805
463,0.0,654,1365,695,1345,1446,795,508,1891.0,-0.8067228321206763,51.3591254258428
464,0.0,572,1159,613,1100,1201,549,426,1891.0,-0.8040449140057531,51.3591254258428
465,0.0,572,1159,613,1100,1201,549,426,1891.0,-0.8027059549482913,51.359125425842805
466,0.0,1217,1066,702,1003,1104,453,800,1891.0,-0.7973501187184443,51.35912542584279
467,0.0,1405,1254,765,1191,1292,641,989,1891.0,-0.7960111596609828,51.359125425842784
468,0.0,1405,1254,765,1191,1292,641,989,1891.0,-0.7946722006035213,51.359125425842805
469,0.0,1386,1238,866,1176,1277,625,973,1891.0,-0.7933332415460594,51.3591254258428
470,0.0,1248,1333,845,1291,1392,777,1131,1891.0,-0.7919942824885977,51.359125425842805
471,0.0,1148,1289,881,1327,1428,813,1167,1891.0,-0.790655323431136,51.359125425842805
472,0.0,1062,1204,946,1392,1434,879,1233,1891.0,-0.7893163643736743,51.3591254258428
473,0.0,1059,1201,857,1357,1431,843,1197,1891.0,-0.7879774053162126,51.359125425842805
474,0.0,912,1053,710,1409,1284,1010,1364,1891.0,-0.786638446258751,51.359125425842805
475,0.0,856,998,654,1354,1228,982,1336,1891.0,-0.7852994872012893,51.3591254258428
476,0.0,645,787,805,1215,1017,1133,1487,1891.0,-0.7839605281438274,51.359125425842805
477,0.0,601,743,799,1171,973,1177,1531,1891.0,-0.7826215690863657,51.3591254258428
478,0.0,350,492,548,920,722,1554,1694,1891.0,-0.781282610028904,51.3591254258428
479,16.251,361,502,559,931,733,1432,1705,1891.0,-0.7799436509714424,51.359125425842805
480,0.0,1214,1102,786,1207,2275,1687,1219,1891.0,-0.8160846808278245,51.35816026434809
481,0.0,1216,1171,750,1171,2302,1650,1183,1891.0,-0.8147457395959495,51.35816026434809
482,0.0,654,1365,695,1345,1446,795,508,1891.0,-0.8080510334365746,51.35816026434809
483,0.0,654,1365,695,1345,1446,795,508,1891.0,-0.8067120922046995,51.358160264348086
484,0.0,431,1255,472,1240,1341,690,285,1891.0,-0.8053731509728246,51.35816026434809
485,0.0,572,1159,613,1100,1201,549,426,1891.0,-0.8040342097409494,51.35816026434809
486,0.0,572,1159,613,1100,1201,549,426,1891.0,-0.8026952685090745,51.35816026434809
487,0.0,1275,1120,334,1061,1162,511,855,1891.0,-0.7986784448134494,51.35816026434809
488,0.0,1244,1093,674,1031,1132,481,828,1891.0,-0.7973395035815742,51.35816026434809
489,0.0,1355,1204,658,1142,1243,591,939,1891.0,-0.7960005623496992,51.358160264348086
490,0.0,1311,1298,700,1236,1337,685,1033,1891.0,-0.7946616211178242,51.35816026434809
491,0.0,1309,1346,817,1309,1404,758,1106,1891.0,-0.7933226798859495,51.35816026434809
492,0.0,1192,1333,901,1348,1449,834,1188,1891.0,-0.7919837386540742,51.35816026434809
493,0.0,1062,1204,946,1392,1434,879,1233,1891.0,-0.7893058561903241,51.358160264348086
494,0.0,942,1083,913,1491,1314,999,1353,1891.0,-0.7879669149584491,51.35816026434809
495,0.0,925,1067,865,1483,1297,1137,1440,1891.0,-0.7866279737265741,51.35816026434809
496,0.357,531,672,729,1101,903,1883,1578,1891.0,-0.7852890324946992,51.35816026434809
497,26.286,576,717,774,1146,948,1927,1623,1891.0,-0.7839500912628242,51.35816026434809
498,53.402,341,483,539,911,713,1693,1685,1891.0,-0.782611150030949,51.35816026434809
499,90.446,302,444,500,872,674,1592,1646,1891.0,-0.781272208799074,51.358160264348086
500,58.489,233,374,431,803,604,1559,1577,1891.0,-0.7799332675671992,51.35816026434809
501,61.57,334,475,482,841,706,1658,1678,1891.0,-0.7785943263353241,51.358160264348086
502,27.751,280,587,375,734,652,1787,1790,1891.0,-0.7772553851034489,51.35816026434809
503,27.281,372,661,484,843,762,1844,1864,1891.0,-0.7759164438715739,51.35816026434809
504,0.682,713,854,698,1217,1084,1841,2057,1891.0,-0.774577502639699,51.35816026434809
505,0.0,797,939,613,1132,1051,1926,2141,1891.0,-0.773238561407824,51.35816026434809
506,0.0,1185,1056,964,1386,2229,1865,1256,1891.0,-0.8160738167472709,51.35719511034032
507,0.0,1211,1082,878,1300,2255,1779,1282,1891.0,-0.8147348933399744,51.35719511034032
508,0.0,473,1087,471,1101,1953,1389,598,1891.0,-0.8133959699326777,51.35719511034032
509,9.493,281,1105,238,1384,1681,1057,135,1891.0,-0.8080402763034914,51.35719511034032
510,17.071,281,1105,238,1384,1681,1057,135,1891.0,-0.8067013528961946,51.35719511034032
511,0.0,351,1175,392,1320,1421,770,205,1891.0,-0.8053624294888981,51.35719511034032
512,0.0,431,1255,472,1240,1341,690,285,1891.0,-0.8040235060816016,51.35719511034032
513,0.0,1330,1176,334,1117,1218,567,910,1891.0,-0.7986678124524152,51.35719511034032
514,0.0,1333,1252,476,1229,1319,679,904,1891.0,-0.7973288890451186,51.35719511034032
515,0.0,1401,1250,566,1188,1288,637,985,1891.0,-0.7959899656378221,51.35719511034032
516,0.0,1311,1298,700,1236,1337,685,1033,1891.0,-0.7946510422305255,51.35719511034032
517,0.0,1249,1287,743,1340,1363,790,1137,1891.0,-0.7933121188232288,51.35719511034032
518,0.0,1130,1168,809,1401,1244,866,1214,1891.0,-0.7919731954159324,51.35719511034032
519,0.0,859,1001,941,1417,1231,1091,1374,1891.0,-0.7879564251940426,51.35719511034032
520,5.197,774,915,972,1332,1146,1167,1289,1891.0,-0.7866175017867459,51.35719511034032
521,77.096,506,549,791,1111,913,1944,1442,1891.0,-0.7852785783794495,51.35719511034032
522,45.761,364,456,693,957,754,1970,1468,1891.0,-0.7839396549721528,51.35719511034032
523,53.919,387,529,585,957,759,1739,1714,1891.0,-0.7826007315648562,51.35719511034032
524,57.384,300,441,498,870,672,1651,1644,1891.0,-0.7812618081575593,51.35719511034032
525,55.197,91,397,286,658,618,1696,1599,1891.0,-0.7799228847502631,51.35719511034032
526,58.066,91,447,264,636,639,1747,1620,1891.0,-0.7785839613429664,51.35719511034032
527,50.196,238,543,298,658,576,1822,1745,1891.0,-0.7772450379356698,51.35719511034032
528,32.761,355,560,212,642,560,1931,1754,1891.0,-0.7759061145283731,51.35719511034032
529,22.887,688,765,328,847,765,1917,1958,1891.0,-0.7745671911210766,51.35719511034032
530,23.555,717,794,356,876,794,1905,1987,1891.0,-0.7732282677137801,51.35719511034032
531,10.701,831,908,470,989,908,1978,2101,1891.0,-0.7718893443064834,51.35719511034032
532,1.044,1413,1059,1026,1112,1059,1841,2172,1891.0,-0.7705504208991868,51.35719511034032
533,0.0,1226,1097,993,1414,2270,1893,1297,1891.0,-0.8160629532811968,51.35622996381909
534,0.0,1239,1110,971,1392,2283,1871,1310,1891.0,-0.8147240476974703,51.35622996381909
535,0.0,1027,900,978,1471,2071,1950,1097,1891.0,-0.8133851421137441,51.356229963819096
536,0.177,289,902,287,1285,1769,1257,414,1891.0,-0.8120462365300174,51.356229963819096
537,29.674,126,925,124,1427,1746,1211,251,1891.0,-0.8107073309462913,51.356229963819096
538,37.048,126,997,54,1430,1727,1142,182,1891.0,-0.8093684253625648,51.356229963819096
539,52.381,204,1028,182,1307,1604,980,58,1891.0,-0.8080295197788384,51.356229963819096
540,29.226,193,1017,234,1296,1566,928,47,1891.0,-0.8066906141951123,51.356229963819096
541,20.292,310,1134,351,1380,1493,842,164,1891.0,-0.8053517086113859,51.356229963819096
542,54.608,1428,1447,0,1396,1497,845,999,1891.0,-0.801334991860207,51.35622996381909
543,23.359,1369,1388,58,1337,1438,787,940,1891.0,-0.7999960862764806,51.356229963819096
544,0.815,1270,1256,194,1201,1302,651,841,1891.0,-0.7986571806927543,51.356229963819096
545,0.0,1302,1168,445,1253,1235,763,873,1891.0,-0.797318275109028,51.356229963819096
546,0.0,1302,1145,445,1253,1212,785,873,1891.0,-0.7959793695253018,51.356229963819096
547,0.0,1331,1308,608,1328,1375,777,1036,1891.0,-0.7946404639415753,51.356229963819096
548,0.0,1130,1168,809,1401,1244,866,1214,1891.0,-0.793301558357849,51.356229963819096
549,0.0,1130,1168,809,1401,1244,866,1214,1891.0,-0.7919626527741227,51.356229963819096
550,0.68,441,484,902,997,828,2026,1327,1891.0,-0.7879459360229437,51.35622996381909
551,58.924,383,426,845,988,791,2013,1319,1891.0,-0.7866070304392173,51.356229963819096
552,35.139,276,319,737,892,684,1990,1291,1891.0,-0.785268124855491,51.356229963819096
553,44.363,180,223,641,796,588,2041,1342,1891.0,-0.7839292192717646,51.356229963819096
554,5.491,0,42,461,616,408,1963,1360,1891.0,-0.7825903136880383,51.356229963819096
555,58.947,42,0,418,573,365,1920,1337,1891.0,-0.781251408104312,51.356229963819096
556,50.505,3,472,218,590,601,1775,1597,1891.0,-0.7799125025205857,51.356229963819096
557,115.805,265,589,396,755,673,1890,1792,1891.0,-0.7785735969368595,51.356229963819096
558,110.87,312,476,205,564,482,1923,1628,1891.0,-0.777234691353133,51.356229963819096
559,83.931,413,551,134,633,551,1930,1744,1891.0,-0.7758957857694067,51.356229963819096
560,66.034,617,694,257,776,694,1905,1888,1891.0,-0.7745568801856804,51.35622996381909
561,82.326,664,741,303,823,741,1845,1934,1891.0,-0.7732179746019541,51.356229963819096
562,47.174,831,908,470,989,908,1978,2101,1891.0,-0.7718790690182276,51.356229963819096
563,12.211,2046,1835,1802,1831,1835,2593,2762,1891.0,-0.7705401634345014,51.356229963819096
564,0.0,2678,2610,2578,2550,2610,3345,3351,1891.0,-0.7692012578507751,51.35622996381909
565,0.0,821,693,772,1569,1866,1869,892,1891.0,-0.8160520904295513,51.355264824784065
566,0.0,1029,900,980,1471,2073,1950,1100,1891.0,-0.8147132026683869,51.35526482478405
567,2.991,1015,886,966,1485,2059,1964,1086,1891.0,-0.8133743149072228,51.355264824784044
568,44.137,236,849,233,1338,1716,1311,361,1891.0,-0.8120354271460587,51.355264824784044
569,142.422,189,813,203,1355,1652,1237,260,1891.0,-0.8106965393848945,51.35526482478405
570,42.385,37,861,183,1339,1636,1119,142,1891.0,-0.8093576516237303,51.355264824784044
571,48.557,124,948,185,1286,1583,1013,37,1891.0,-0.8080187638625662,51.35526482478406
572,36.488,173,997,214,1276,1573,948,27,1891.0,-0.8066798761014021,51.35526482478406
573,28.328,456,1155,513,1210,1489,1030,18,1891.0,-0.8053409883402379,51.355264824784044
574,10.656,594,1281,640,1146,1347,1131,165,1891.0,-0.8040021005790738,51.35526482478406
575,5.477,594,1281,640,1146,1347,1131,165,1891.0,-0.8026632128179098,51.35526482478406
576,29.81,1428,1447,0,1396,1497,845,999,1891.0,-0.8013243250567454,51.355264824784065
577,1.928,1428,1447,0,1396,1497,845,999,1891.0,-0.7999854372955812,51.35526482478405
578,1.853,1154,1172,289,1139,1238,780,725,1891.0,-0.7986465495344173,51.355264824784044
579,0.0,1279,1168,422,1264,1235,763,851,1891.0,-0.7973076617732532,51.355264824784065
580,0.0,1287,1101,430,1209,1168,830,858,1891.0,-0.795968774012089,51.35526482478406
581,0.0,903,942,1036,1175,1017,1093,1098,1891.0,-0.7906132229674322,51.355264824784065
582,0.0,888,926,1109,1160,1002,1194,1083,1891.0,-0.7892743352062681,51.35526482478406
583,30.326,441,484,902,997,828,2026,1327,1891.0,-0.7879354474451042,51.355264824784065
584,103.107,410,453,871,903,734,1932,1234,1891.0,-0.7865965596839398,51.355264824784065
585,49.336,219,262,680,820,627,1896,1197,1891.0,-0.7852576719227757,51.35526482478406
586,53.717,173,216,635,765,581,1956,1258,1891.0,-0.7839187841616116,51.35526482478406
587,42.151,9,42,461,610,399,1963,1350,1891.0,-0.7825798964004473,51.355264824784044
588,83.002,108,65,352,507,299,1861,1271,1891.0,-0.7812410086392831,51.35526482478406
589,56.359,230,246,172,364,375,1963,1370,1891.0,-0.7799021208781189,51.35526482478406
590,75.508,241,299,183,417,402,1946,1424,1891.0,-0.7785632331169549,51.35526482478406
591,68.192,426,369,142,450,369,1940,1562,1891.0,-0.7772243453557908,51.355264824784065
592,61.783,517,511,36,592,511,1957,1704,1891.0,-0.7758854575946263,51.35526482478405
593,57.918,579,655,218,737,655,1796,1848,1891.0,-0.7745465698334624,51.35526482478406
594,77.121,657,727,296,807,727,1767,1900,1891.0,-0.7732076820722982,51.355264824784044
595,72.625,756,817,396,870,817,1751,1967,1891.0,-0.771868794311134,51.355264824784065
596,5.8,2733,2555,2522,2605,2555,3337,3407,1891.0,-0.7705299065499699,51.35526482478406
597,0.0,2678,2610,2578,2550,2610,3345,3351,1891.0,-0.7691910187888057,51.355264824784044
598,14.208,708,598,677,1474,1771,1755,779,1891.0,-0.8160412281922841,51.35429969323484
599,19.199,587,598,677,1474,1771,1635,658,1891.0,-0.8147023582526742,51.35429969323484
600,19.768,488,622,606,1410,1707,1535,559,1891.0,-0.813363488313064,51.35429969323484
601,74.833,271,628,388,1343,1640,1318,341,1891.0,-0.8120246183734542,51.35429969323484
602,72.31,194,743,312,1252,1549,1242,265,1891.0,-0.8106857484338442,51.35429969323484
603,67.233,158,822,304,1218,1515,1206,229,1891.0,-0.8093468784942341,51.35429969323486
604,51.884,330,944,438,1050,1346,1230,198,1891.0,-0.808008008554624,51.35429969323485
605,54.484,321,1018,378,1073,1370,1151,119,1891.0,-0.8066691386150141,51.35429969323485
606,29.397,421,1114,478,973,1270,1251,219,1891.0,-0.8053302686754041,51.35429969323485
607,26.27,594,1281,640,1146,1347,1131,165,1891.0,-0.8039913987357944,51.35429969323484
608,38.759,666,1209,712,1173,1275,1203,237,1891.0,-0.8026525287961844,51.35429969323484
609,0.0,1241,875,656,983,942,1055,974,1891.0,-0.7959581790981345,51.35429969323484
610,0.0,845,884,1067,1117,959,1151,1040,1891.0,-0.7906026993396945,51.35429969323485
611,0.0,888,926,1109,1160,1002,1194,1083,1891.0,-0.7892638294000843,51.35429969323485
612,30.379,597,640,865,816,647,1732,1033,1891.0,-0.7879249594604745,51.35429969323485
613,86.082,473,516,838,789,620,1818,1120,1891.0,-0.7865860895208647,51.35429969323484
614,57.335,284,327,735,745,576,1798,1099,1891.0,-0.7852472195812547,51.35429969323484
615,71.944,301,344,701,663,494,1865,1167,1891.0,-0.7839083496416447,51.35429969323484
616,70.16,191,234,477,428,217,1821,1168,1891.0,-0.7825694797020345,51.35429969323486
617,51.951,203,160,366,415,204,1829,1176,1891.0,-0.7812306097624245,51.35429969323484
618,95.723,367,262,277,251,262,1877,1278,1891.0,-0.7798917398228145,51.35429969323484
619,80.747,316,318,258,400,318,1889,1457,1891.0,-0.7785528698832046,51.35429969323484
620,43.378,417,257,270,339,257,1828,1451,1891.0,-0.7772139999435946,51.35429969323485
621,15.675,685,655,324,708,655,1669,1794,1891.0,-0.7745362600643747,51.35429969323484
622,65.238,764,614,404,666,614,1619,1753,1891.0,-0.7731973901247647,51.35429969323484
623,70.407,853,657,492,710,657,1559,1796,1891.0,-0.7718585201851547,51.35429969323484
624,3.149,2679,2796,2763,2551,2780,3346,3398,1891.0,-0.7705196502455446,51.35429969323486
625,5.166,657,528,608,1404,1701,1704,728,1891.0,-0.816030366569345,51.35333456917113
626,25.393,484,414,494,1203,1500,1531,555,1891.0,-0.8146915144502814,51.35333456917114
627,57.011,382,516,500,1305,1601,1430,453,1891.0,-0.8133526623312177,51.35333456917114
628,35.602,309,589,427,1378,1675,1356,380,1891.0,-0.812013810212154,51.35333456917114
629,18.637,262,835,407,1277,1574,1309,333,1891.0,-0.8106749580930902,51.35333456917114
630,31.915,333,907,479,1349,1646,1381,404,1891.0,-0.8093361059740264,51.35333456917113
631,58.92,345,939,457,1031,1328,1230,198,1891.0,-0.8079972538549627,51.35333456917113
632,11.508,330,958,438,1050,1346,1212,179,1891.0,-0.8066584017358989,51.35333456917113
633,47.74,486,1145,543,934,1230,1317,284,1891.0,-0.8053195496168352,51.35333456917114
634,55.283,577,1153,634,987,1218,1345,375,1891.0,-0.8039806974977715,51.35333456917112
635,32.462,791,1083,636,1048,1150,1130,542,1891.0,-0.8013029932596439,51.35333456917113
636,46.722,881,994,546,958,1060,1041,457,1891.0,-0.7999641411405803,51.35333456917112
637,21.107,939,952,504,917,1019,999,510,1891.0,-0.7986252890215166,51.35333456917114
638,26.299,1199,896,770,977,963,1263,770,1891.0,-0.7972864369024526,51.35333456917113
639,14.654,1188,822,696,931,889,1119,921,1891.0,-0.7959475847833891,51.35333456917114
640,17.226,1297,931,806,1040,998,1217,1030,1891.0,-0.7946087326643255,51.35333456917114
641,7.916,1297,931,806,1040,998,1217,1030,1891.0,-0.7932698805452617,51.35333456917112
642,0.0,873,633,853,1001,988,1401,941,1891.0,-0.7919310284261981,51.35333456917114
643,0.18,639,747,861,911,754,1357,834,1891.0,-0.7892533241880704,51.35333456917113
644,18.328,597,640,865,816,647,1732,1033,1891.0,-0.7879144720690068,51.35333456917114
645,86.056,460,503,776,728,559,1700,1001,1891.0,-0.7865756199499431,51.35333456917114
646,69.453,414,457,660,612,443,1721,1023,1891.0,-0.7852367678308793,51.35333456917114
647,64.733,401,444,647,598,429,1786,1088,1891.0,-0.7838979157118154,51.35333456917114
648,44.933,220,263,506,457,246,1792,1139,1891.0,-0.7825590635927516,51.35333456917113
649,40.023,377,322,331,283,72,1697,1044,1891.0,-0.781220211473688,51.35333456917114
650,58.767,451,195,228,184,195,1817,1211,1891.0,-0.7798813593546242,51.35333456917114
651,67.486,434,196,229,200,196,1782,1258,1891.0,-0.7785425072355605,51.35333456917114
652,28.172,570,134,167,216,134,1705,1357,1891.0,-0.7772036551164968,51.35333456917113
653,76.195,905,327,294,380,327,1590,1484,1891.0,-0.7758648029974329,51.35333456917113
654,80.468,882,458,425,511,458,1638,1615,1891.0,-0.7745259508783693,51.35333456917112
655,81.894,831,583,470,635,583,1536,1722,1891.0,-0.7731870987593056,51.35333456917113
656,16.476,901,700,540,753,700,1602,1840,1891.0,-0.771848246640242,51.35333456917114
657,1.889,2679,2796,2763,2551,2780,3346,3398,1891.0,-0.7705093945211782,51.35333456917114
658,0.0,2513,2713,2929,2385,2614,3180,3232,1891.0,-0.7691705424021144,51.35333456917113
659,3.524,536,381,461,1255,1552,1584,607,1891.0,-0.8146806712611582,51.35236945259252
660,44.543,557,487,567,1130,1427,1604,628,1891.0,-0.813341836961633,51.35236945259252
661,33.277,685,615,695,1191,1488,1732,756,1891.0,-0.8120030026621075,51.352369452592505
662,8.902,1284,1203,1246,966,1263,2132,906,1891.0,-0.810664168362582,51.352369452592505
663,18.414,1284,1203,1246,966,1263,2132,906,1891.0,-0.8093253340630568,51.352369452592505
664,31.566,508,1093,620,868,1165,1393,361,1891.0,-0.8079864997635314,51.35236945259251
665,8.272,685,1131,796,894,1191,1570,537,1891.0,-0.8066476654640061,51.352369452592505
666,30.486,601,1030,658,793,1090,1431,399,1891.0,-0.8053088311644809,51.352369452592505
667,44.669,743,986,801,821,1051,1511,541,1891.0,-0.8039699968649556,51.35236945259252
668,43.128,743,986,801,821,1051,1511,541,1891.0,-0.8026311625654302,51.352369452592505
669,50.504,947,1239,792,1203,1306,1286,697,1891.0,-0.8012923282659049,51.35236945259251
670,58.419,844,1136,688,1100,1202,1183,594,1891.0,-0.7999534939663795,51.35236945259251
671,33.106,1045,858,617,825,925,1109,616,1891.0,-0.7986146596668543,51.35236945259251
672,30.885,1089,786,660,867,852,1153,660,1891.0,-0.797275825367329,51.35236945259252
673,34.694,1050,685,559,793,751,1246,783,1891.0,-0.7959369910678036,51.35236945259251
674,22.849,1297,931,806,1040,998,1217,1030,1891.0,-0.7945981567682784,51.35236945259251
675,27.273,1002,636,856,1004,1040,1987,944,1891.0,-0.7932593224687532,51.35236945259252
676,8.354,881,626,846,993,995,1409,934,1891.0,-0.7919204881692278,51.35236945259251
677,49.491,625,830,847,903,844,1623,782,1891.0,-0.7905816538697022,51.35236945259252
678,35.633,525,737,747,804,744,1523,699,1891.0,-0.7892428195701772,51.35236945259252
679,11.518,568,643,796,803,649,1474,770,1891.0,-0.7879039852706519,51.35236945259252
680,98.592,539,582,807,758,589,1609,911,1891.0,-0.7865651509711264,51.35236945259252
681,122.426,529,572,563,515,346,1755,1081,1891.0,-0.7852263166716009,51.35236945259251
682,82.064,491,534,510,462,293,1702,1050,1891.0,-0.783887482372076,51.35236945259252
683,46.094,416,359,327,278,109,1605,953,1891.0,-0.7825486480725505,51.35236945259252
684,53.464,502,197,164,115,94,1677,1025,1891.0,-0.781209813773025,51.352369452592505
685,71.493,575,95,85,28,95,1681,1132,1891.0,-0.7798709794734998,51.35236945259252
686,49.051,595,49,53,72,49,1639,1197,1891.0,-0.7785321451739744,51.35236945259252
687,48.997,716,138,105,191,138,1511,1295,1891.0,-0.7771933108744492,51.35236945259252
688,42.249,875,297,264,350,297,1537,1454,1891.0,-0.7758544765749238,51.352369452592505
689,67.46,953,384,351,437,384,1433,1504,1891.0,-0.7745156422753984,51.352369452592505
690,71.106,914,658,554,710,658,1439,1771,1891.0,-0.7731768079758731,51.352369452592505
691,35.817,1018,554,521,607,554,1336,1667,1891.0,-0.7718379736763478,51.35236945259251
692,0.0,2513,2713,2929,2385,2614,3180,3232,1891.0,-0.7691603050772974,51.35236945259252
693,0.0,2441,2641,3001,2313,2542,3108,3160,1891.0,-0.767821470777772,51.352369452592505
694,0.0,1186,286,379,1434,1731,2233,1257,1891.0,-0.8160086451662488,51.351404343498636
695,4.762,1186,286,379,1434,1731,2233,1257,1891.0,-0.8146698286852541,51.351404343498636
696,31.858,590,520,600,1097,1393,1638,661,1891.0,-0.8133310122042593,51.351404343498636
697,45.339,688,618,582,999,1296,1735,759,1891.0,-0.8119921957232646,51.351404343498636
698,20.89,826,537,444,861,1158,1873,801,1891.0,-0.8106533792422699,51.351404343498636
699,23.622,1170,1089,1132,852,1149,2018,792,1891.0,-0.8093145627612754,51.351404343498636
700,30.416,842,1024,878,787,1084,1708,579,1891.0,-0.8079757462802808,51.35140434349864
701,25.748,685,1131,796,894,1191,1570,537,1891.0,-0.8066369297992861,51.35140434349864
702,21.429,708,923,765,686,982,1539,506,1891.0,-0.8052981133182915,51.351404343498636
703,19.434,743,986,801,821,1051,1511,541,1891.0,-0.8039592968372968,51.35140434349864
704,63.559,818,912,787,747,977,1524,616,1891.0,-0.8026204803563021,51.351404343498636
705,58.548,933,1225,777,1189,1291,1272,683,1891.0,-0.8012816638753074,51.35140434349864
706,45.56,1006,870,704,712,936,1203,652,1891.0,-0.799942847394313,51.35140434349864
707,45.263,1030,894,687,735,959,1179,675,1891.0,-0.7986040309133182,51.35140434349864
708,30.972,1050,685,559,793,751,1246,783,1891.0,-0.7972652144323233,51.351404343498636
709,22.284,1050,685,559,793,751,1246,783,1891.0,-0.7959263979513288,51.35140434349864
710,15.843,858,493,712,860,897,1542,801,1891.0,-0.7932487649893393,51.351404343498636
711,37.482,505,709,968,886,965,1703,660,1891.0,-0.7919099485083447,51.351404343498636
712,66.78,578,783,894,951,892,1671,734,1891.0,-0.79057113202735,51.351404343498636
713,15.461,441,675,675,728,791,1565,616,1891.0,-0.7892323155463554,51.35140434349864
714,45.417,600,662,822,764,669,1504,795,1891.0,-0.7878934990653608,51.35140434349864
715,69.381,700,743,967,919,750,1769,1071,1891.0,-0.7865546825843661,51.351404343498636
716,84.678,702,745,970,921,752,1772,1074,1891.0,-0.7852158661033716,51.35140434349864
717,70.911,718,761,986,937,768,1788,1090,1891.0,-0.7838770496223768,51.351404343498636
718,42.396,540,402,304,321,152,1497,844,1891.0,-0.7825382331413819,51.351404343498636
719,43.634,600,462,315,381,212,1532,880,1891.0,-0.7811994166603874,51.351404343498636
720,11.258,655,159,126,98,159,1722,1202,1891.0,-0.7798606001793927,51.351404343498636
721,46.323,907,330,297,382,330,1345,1218,1891.0,-0.7771829672174037,51.35140434349864
722,40.594,803,225,192,278,225,1410,1323,1891.0,-0.7758441507364088,51.351404343498636
723,48.568,878,300,267,353,300,1327,1413,1891.0,-0.7745053342554142,51.35140434349864
724,69.887,1010,432,399,485,432,1267,1546,1891.0,-0.7731665177744196,51.35140434349864
725,24.989,2727,2927,2984,2599,2828,3394,3446,1891.0,-0.7718277012934248,51.35140434349864
726,0.0,2727,2927,2984,2599,2828,3394,3446,1891.0,-0.77048888481243,51.351404343498636
727,0.952,1186,286,379,1434,1731,2233,1257,1891.0,-0.8159977853859905,51.350439241889156
728,2.208,962,223,309,1300,1597,2010,1033,1891.0,-0.8146589867225189,51.350439241889156
729,30.754,1027,329,236,1010,1307,2074,950,1891.0,-0.8119813893955754,51.350439241889156
730,28.353,911,478,385,945,1242,1958,885,1891.0,-0.8106425907321037,51.35043924188915
731,24.267,881,579,487,818,1115,1929,758,1891.0,-0.8093037920686321,51.350439241889156
732,29.789,1050,969,1012,732,1028,1897,671,1891.0,-0.8079649934051605,51.350439241889156
733,49.37,892,811,853,573,870,1739,513,1891.0,-0.8066261947416887,51.35043924188915
734,36.872,814,800,843,563,860,1661,503,1891.0,-0.8052873960782171,51.350439241889156
735,39.219,911,898,941,661,958,1759,601,1891.0,-0.8039485974147453,51.35043924188915
736,35.445,854,724,620,554,784,1555,494,1891.0,-0.8026097987512737,51.350439241889156
737,50.644,865,730,604,564,795,1342,504,1891.0,-0.8012710000878019,51.350439241889156
738,24.669,918,782,656,621,847,1292,561,1891.0,-0.7999322014243302,51.35043924188915
739,42.661,939,573,448,681,640,1366,828,1891.0,-0.7985934027608587,51.350439241889156
740,42.863,830,465,339,573,531,1466,720,1891.0,-0.7972546040973868,51.35043924188915
741,11.442,729,364,583,731,767,1714,671,1891.0,-0.795915805433915,51.350439241889156
742,16.5,729,364,583,731,767,1714,671,1891.0,-0.7945770067704435,51.350439241889156
743,13.424,650,284,504,652,688,1635,592,1891.0,-0.793238208106972,51.350439241889156
744,44.501,431,636,1006,812,1039,1630,587,1891.0,-0.7918994094435003,51.350439241889156
745,37.52,408,613,702,750,884,1606,564,1891.0,-0.7905606107800286,51.350439241889156
746,1.413,364,592,645,694,827,1562,533,1891.0,-0.7892218121165568,51.35043924188915
747,52.238,316,645,556,594,739,1509,511,1891.0,-0.7878830134530851,51.350439241889156
748,18.011,438,759,420,703,602,1588,633,1891.0,-0.7865442147896133,51.350439241889156
749,67.872,605,753,320,669,502,1428,729,1891.0,-0.7852054161261417,51.350439241889156
750,44.151,626,683,250,602,433,1406,713,1891.0,-0.78386661746267,51.35043924188915
751,35.581,663,525,181,444,275,1376,723,1891.0,-0.7825278187991983,51.350439241889156
752,63.628,704,567,139,485,316,1395,743,1891.0,-0.7811890201357266,51.350439241889156
753,7.11,1061,483,401,536,483,1227,1065,1891.0,-0.7785114228087835,51.35043924188915
754,55.509,959,381,348,434,381,1301,1178,1891.0,-0.7771726241453116,51.35043924188915
755,41.398,906,328,295,381,328,1325,1220,1891.0,-0.77583382548184,51.350439241889156
756,41.611,1129,551,518,604,551,1095,1633,1891.0,-0.7744950268183683,51.35043924188915
757,48.902,1125,547,514,600,547,1144,1633,1891.0,-0.7731562281548967,51.350439241889156
758,8.604,1125,547,514,600,547,1189,1661,1891.0,-0.771817429491425,51.350439241889156
759,8.373,920,20,71,1126,1423,1967,990,1891.0,-0.8159869262198581,51.34947414776369
760,20.855,979,92,0,1054,1351,2026,994,1891.0,-0.8146481453729021,51.349474147763694
761,22.535,909,186,94,1020,1317,1957,955,1891.0,-0.8133093645259456,51.34947414776367
762,33.49,1018,320,228,1002,1298,2066,941,1891.0,-0.8119705836789893,51.349474147763694
763,17.763,1122,424,331,1105,1402,2169,1045,1891.0,-0.8106318028320331,51.349474147763694
764,34.423,962,555,462,929,1226,2009,869,1891.0,-0.8092930219850766,51.34947414776369
765,16.617,955,707,614,776,1073,1969,716,1891.0,-0.8079542411381204,51.349474147763694
766,51.865,890,791,935,554,851,1866,494,1891.0,-0.8066154602911642,51.34947414776368
767,49.303,818,718,812,481,778,1743,421,1891.0,-0.805276679444208,51.34947414776368
768,46.874,930,803,699,594,863,1634,534,1891.0,-0.8039378985972516,51.34947414776368
769,50.739,782,652,548,481,711,1483,421,1891.0,-0.8025991177502954,51.349474147763694
770,32.504,758,626,527,460,687,1455,400,1891.0,-0.801260336903339,51.34947414776368
771,26.023,851,543,418,556,610,1538,496,1891.0,-0.7999215560563827,51.34947414776368
772,33.711,1005,640,514,748,706,1448,895,1891.0,-0.7985827752094266,51.34947414776368
773,19.473,830,465,339,573,531,1466,720,1891.0,-0.7972439943624702,51.34947414776368
774,19.116,729,364,583,731,767,1714,671,1891.0,-0.7959052135155139,51.34947414776368
775,17.088,635,270,490,637,674,1620,578,1891.0,-0.7945664326685575,51.349474147763694
776,13.251,650,284,504,652,688,1635,592,1891.0,-0.7932276518216015,51.349474147763694
777,63.905,325,529,900,706,1082,1523,481,1891.0,-0.7918888709746449,51.34947414776368
778,42.216,241,446,775,622,957,1439,397,1891.0,-0.7905500901276886,51.34947414776368
779,53.628,195,533,663,523,845,1438,408,1891.0,-0.7892113092807325,51.34947414776368
780,79.378,252,617,679,488,861,1402,447,1891.0,-0.7878725284337762,51.34947414776368
781,57.757,293,658,706,430,888,1344,488,1891.0,-0.7865337475868198,51.349474147763694
782,68.998,673,799,344,562,549,1302,602,1891.0,-0.7851949667398634,51.34947414776368
783,87.999,686,709,268,621,459,1346,678,1891.0,-0.7838561858929074,51.34947414776368
784,39.107,737,618,132,536,367,1310,657,1891.0,-0.7825174050459509,51.349474147763694
785,29.459,827,698,24,616,447,1299,742,1891.0,-0.7811786241989948,51.34947414776368
786,14.661,844,706,0,625,456,1314,766,1891.0,-0.7798398433520384,51.349474147763694
787,12.078,1086,572,327,624,572,1153,990,1891.0,-0.778501062505082,51.349474147763694
788,44.774,1050,472,426,525,472,1207,1112,1891.0,-0.7771622816581261,51.349474147763694
789,43.991,1093,516,380,568,516,1112,1211,1891.0,-0.7758235008111696,51.34947414776368
790,61.104,1115,690,630,743,690,956,1494,1891.0,-0.7744847199642132,51.34947414776368
791,41.764,1129,551,518,604,551,1095,1633,1891.0,-0.7731459391172572,51.34947414776368
792,44.608,652,522,609,354,582,1555,294,1891.0,-0.8025884373533173,51.34850906112187
793,21.528,548,418,788,312,477,1561,305,1891.0,-0.801249674321869,51.34850906112188
794,25.126,875,567,442,580,634,1563,520,1891.0,-0.7999109112904204,51.34850906112187
795,29.211,628,370,0,361,320,1641,508,1891.0,-0.7985721482589722,51.34850906112187
796,66.634,680,315,189,423,381,1616,570,1891.0,-0.7972333852275237,51.34850906112187
797,37.258,536,170,296,443,480,1521,478,1891.0,-0.7958946221960753,51.348509061121874
798,29.755,512,147,319,467,503,1497,454,1891.0,-0.7945558591646268,51.34850906112187
799,20.093,365,0,467,410,651,1350,307,1891.0,-0.7932170961331786,51.34850906112187
800,29.106,370,337,756,628,939,1436,394,1891.0,-0.7918783331017301,51.34850906112187
801,28.178,138,376,828,519,990,1370,327,1891.0,-0.7905395700702816,51.34850906112188
802,58.519,132,457,794,434,976,1349,319,1891.0,-0.7892008070388333,51.348509061121874
803,118.574,168,533,701,355,906,1270,363,1891.0,-0.787862044007385,51.34850906112188
804,63.537,258,580,624,278,829,1193,409,1891.0,-0.7865232809759365,51.34850906112187
805,19.487,453,725,481,310,686,1085,386,1891.0,-0.785184517944488,51.34850906112187
806,76.845,602,829,416,459,622,1186,499,1891.0,-0.7838457549130396,51.34850906112188
807,118.121,672,821,366,529,571,1189,569,1891.0,-0.7825069918815912,51.34850906112187
808,92.192,698,847,391,555,597,1168,571,1891.0,-0.781168228850143,51.348509061121874
809,48.16,840,990,534,697,740,1209,703,1891.0,-0.7798294658186945,51.34850906112188
810,3.403,1017,657,251,710,649,1086,915,1891.0,-0.7784907027872462,51.348509061121874
811,33.97,1094,696,207,748,696,939,1038,1891.0,-0.7771519397557977,51.34850906112187
812,37.743,1180,606,289,659,606,1021,1128,1891.0,-0.7758131767243494,51.34850906112188
813,50.941,1092,713,607,766,713,933,1471,1891.0,-0.7744744136929009,51.34850906112187
814,0.0,844,1044,2063,716,1613,1511,1563,1891.0,-0.7597480203469685,51.34850906112188
815,0.0,1215,1336,1899,1145,1449,1347,1399,1891.0,-0.7570704942840717,51.348509061121874
816,0.0,1215,1336,1899,1145,1449,1347,1399,1891.0,-0.7557317312526234,51.34850906112188
817,65.109,1716,1652,1685,1523,1302,1607,1518,1891.0,-0.7503766791268295,51.34850906112187
818,39.088,1561,1505,1597,1436,1214,1501,1430,1891.0,-0.7490379160953812,51.34850906112187
819,5.192,1471,1386,1418,1256,1035,1340,1251,1891.0,-0.7476991530639329,51.34850906112187
820,19.201,1229,1144,1176,1015,1059,1099,1009,1891.0,-0.7450216270010361,51.34850906112188
821,9.134,1229,1144,1176,1015,1033,1099,1009,1891.0,-0.7436828639695877,51.34850906112188
822,0.0,1478,1326,646,1234,0,858,1356,1891.0,-0.7423441009381391,51.34850906112187
823,0.0,1478,1326,646,1234,0,858,1356,1891.0,-0.7410053379066908,51.34850906112187
824,0.0,1510,1071,544,980,286,844,1407,1891.0,-0.7396665748752423,51.34850906112188
825,0.0,1426,984,460,892,396,760,1323,1891.0,-0.738327811843794,51.34850906112187
826,0.0,1473,960,445,868,477,807,1370,1891.0,-0.7369890488123455,51.34850906112187
827,0.055,1450,809,295,718,619,775,1427,1891.0,-0.7356502857808974,51.348509061121874
828,40.592,1435,595,280,617,882,760,1525,1891.0,-0.7343115227494489,51.34850906112188
829,50.812,1435,595,280,617,882,760,1525,1891.0,-0.7329727597180005,51.34850906112188
830,68.282,1591,565,436,473,1012,627,1687,1891.0,-0.7316339966865519,51.34850906112187
831,76.698,1874,149,818,171,1335,367,1985,1891.0,-0.7289564706236552,51.34850906112188
832,66.809,1828,103,772,125,1290,322,1940,1891.0,-0.7276177075922068,51.34850906112188
833,67.915,1692,32,685,42,1293,199,1804,1891.0,-0.7262789445607583,51.34850906112187
834,43.307,1827,68,820,117,1422,41,1939,1891.0,-0.72494018152931,51.348509061121874
835,42.22,1851,48,844,141,1452,52,1962,1891.0,-0.7236014184978617,51.34850906112188
836,24.972,1946,42,939,236,1547,159,2057,1891.0,-0.7222626554664134,51.34850906112188
837,0.322,1997,163,1031,328,1639,205,2108,1891.0,-0.7209238924349649,51.34850906112188
838,52.346,2039,488,1121,654,1965,200,2150,1891.0,-0.718246366372068,51.34850906112188
839,25.041,2109,585,1112,750,2061,12,2220,1891.0,-0.7169076033406195,51.34850906112187
840,1.862,2206,689,1205,855,2166,68,2317,1891.0,-0.7155688403091711,51.34850906112188
841,11.357,2306,789,1201,955,2266,91,2417,1891.0,-0.7142300772777228,51.34850906112188
842,25.126,2372,857,1235,1022,2333,71,2483,1891.0,-0.7128913142462744,51.348509061121874
843,10.775,2475,990,1360,1156,2447,73,2569,1891.0,-0.7115525512148259,51.34850906112187
844,0.0,2532,1074,1444,1239,2521,157,2577,1891.0,-0.7102137881833777,51.348509061121874
845,38.317,551,421,717,251,480,1564,191,1891.0,-0.8025777575602904,51.34754398196337
846,39.882,466,335,706,229,395,1479,279,1891.0,-0.8012390123433424,51.34754398196337
847,26.12,383,253,623,147,313,1396,263,1891.0,-0.7999002671263944,51.34754398196336
848,33.365,628,370,0,361,320,1641,508,1891.0,-0.7985615219094464,51.34754398196337
849,90.665,564,306,63,297,256,1577,444,1891.0,-0.7972227766924983,51.34754398196336
850,34.757,471,267,418,321,358,1510,566,1891.0,-0.7958840314755506,51.34754398196337
851,55.507,365,0,467,410,651,1350,307,1891.0,-0.7932065410416546,51.347543981963376
852,40.034,328,86,554,463,719,1263,220,1891.0,-0.7918677958247068,51.34754398196336
853,42.216,261,202,669,542,816,1196,153,1891.0,-0.7905290506077587,51.34754398196336
854,48.023,231,359,768,337,935,1231,189,1891.0,-0.7891903053908107,51.347543981963376
855,45.595,377,540,658,162,863,1137,369,1891.0,-0.787851560173863,51.34754398196336
856,38.297,333,585,580,190,785,1105,390,1891.0,-0.786512814956915,51.34754398196336
857,33.836,423,694,452,280,658,1040,341,1891.0,-0.785174069739967,51.34754398196336
858,73.367,570,815,390,427,596,1067,415,1891.0,-0.7838353245230189,51.34754398196336
859,89.304,693,900,444,550,649,1094,495,1891.0,-0.782496579306071,51.34754398196336
860,51.615,840,991,535,698,740,1100,622,1891.0,-0.7811578340891232,51.34754398196337
861,72.255,805,955,499,662,705,1136,658,1891.0,-0.7798190888721751,51.34754398196336
862,40.156,1064,914,17,872,914,906,1201,1891.0,-0.7784803436552272,51.34754398196336
863,48.052,1027,759,136,803,759,868,1105,1891.0,-0.7771415984382795,51.34754398196337
864,45.82,931,874,447,739,850,773,1311,1891.0,-0.7758028532213312,51.34754398196336
865,97.45,1004,801,520,812,801,846,1384,1891.0,-0.7744641080043834,51.347543981963376
866,14.133,668,868,2224,540,1438,1515,1724,1891.0,-0.761076655834904,51.34754398196337
867,0.0,883,1083,1887,755,1438,1336,1387,1891.0,-0.7597379106179563,51.34754398196337
868,7.711,1215,1336,1899,1145,1449,1347,1399,1891.0,-0.7570604201840603,51.347543981963376
869,0.0,1169,1291,1853,1100,1404,1302,1353,1891.0,-0.7557216749671124,51.34754398196336
870,7.899,1329,1280,1838,1316,1394,1291,1343,1891.0,-0.7530441845332163,51.34754398196336
871,59.711,1377,1327,1772,1363,1389,1339,1390,1891.0,-0.7517054393162683,51.34754398196336
872,35.738,1377,1327,1749,1363,1366,1339,1390,1891.0,-0.7503666940993203,51.34754398196336
873,11.542,1544,1495,1603,1441,1220,1506,1435,1891.0,-0.7490279488823726,51.34754398196337
874,1.286,1133,1048,1080,918,1012,1002,913,1891.0,-0.7450117132315289,51.34754398196337
875,6.762,1144,1059,1091,930,1024,1013,924,1891.0,-0.7436729680145808,51.34754398196337
876,0.0,1383,1230,551,1139,95,763,1261,1891.0,-0.740995477580685,51.34754398196336
877,0.0,1285,1133,453,1041,193,665,1163,1891.0,-0.7396567323637371,51.347543981963376
878,0.0,1353,914,386,822,443,687,1249,1891.0,-0.738317987146789,51.347543981963376
879,0.0,1287,980,320,889,396,621,1183,1891.0,-0.7369792419298412,51.34754398196336
880,0.041,1369,729,214,637,628,695,1347,1891.0,-0.7356404967128932,51.34754398196336
881,13.087,1288,647,133,555,678,613,1345,1891.0,-0.7343017514959455,51.34754398196337
882,65.764,1449,423,294,331,902,485,1545,1891.0,-0.7316242610620494,51.34754398196337
883,67.754,1483,369,459,277,1067,431,1594,1891.0,-0.7302855158451015,51.34754398196337
884,84.975,1499,298,475,206,1083,360,1611,1891.0,-0.7289467706281536,51.34754398196337
885,61.462,1549,176,541,84,1149,238,1660,1891.0,-0.7276080254112055,51.34754398196337
886,48.132,1633,91,626,0,1234,153,1744,1891.0,-0.7262692801942577,51.34754398196337
887,103.573,1658,180,817,127,1425,138,1769,1891.0,-0.7249305349773097,51.347543981963376
888,68.097,1721,225,950,247,1558,170,1833,1891.0,-0.7235917897603619,51.34754398196336
889,41.797,1998,126,991,288,1599,211,2109,1891.0,-0.7222530445434139,51.347543981963376
890,24.363,1886,273,982,439,1750,94,1997,1891.0,-0.7209142993264659,51.347543981963376
891,20.961,1940,332,1036,498,1808,148,2051,1891.0,-0.7195755541095179,51.347543981963376
892,10.906,1975,453,1057,618,1929,135,2086,1891.0,-0.71823680889257,51.34754398196337
893,31.866,2091,569,1092,734,2045,15,2202,1891.0,-0.7168980636756219,51.34754398196336
894,23.924,2197,951,1013,1116,2427,75,2576,1891.0,-0.7155593184586743,51.34754398196337
895,14.529,2268,880,1084,1045,2356,87,2506,1891.0,-0.7142205732417262,51.34754398196336
896,35.032,2574,1059,1429,1225,2536,143,2650,1891.0,-0.7128818280247782,51.34754398196336
897,60.512,2535,1021,1391,1186,2497,104,2612,1891.0,-0.7115430828078302,51.34754398196336
898,37.46,2404,1129,1499,1295,2412,213,2448,1891.0,-0.7102043375908822,51.34754398196336
899,54.752,414,284,655,47,344,1427,12,1891.0,-0.8025670783711643,51.3465789102878
900,31.584,304,174,545,14,234,1318,184,1891.0,-0.8012283509677095,51.3465789102878
901,43.993,297,167,537,61,226,1310,177,1891.0,-0.7998896235642545,51.3465789102878
902,67.45,407,203,585,258,294,1446,502,1891.0,-0.797212168757345,51.3465789102878
903,45.556,356,152,533,206,243,1394,450,1891.0,-0.7958734413538903,51.3465789102878
904,35.49,471,267,559,321,358,1509,565,1891.0,-0.7945347139504354,51.3465789102878
905,61.015,266,252,719,298,564,1205,357,1891.0,-0.7931959865469804,51.3465789102878
906,53.125,271,247,714,303,569,1209,352,1891.0,-0.7918572591435259,51.3465789102878
907,52.228,173,241,709,460,811,1108,65,1891.0,-0.7905185317400708,51.3465789102878
908,31.779,64,321,834,436,702,1000,59,1891.0,-0.7891798043366162,51.3465789102878
909,31.566,82,345,862,433,721,959,87,1891.0,-0.7878410769331613,51.3465789102878
910,93.963,457,619,667,77,873,1052,332,1891.0,-0.7865023495297063,51.3465789102878
911,79.236,492,697,719,31,925,974,255,1891.0,-0.7851636221262516,51.34657891028779
912,75.182,575,826,498,473,703,920,323,1891.0,-0.7838248947227967,51.3465789102878
913,91.813,684,935,539,589,744,1006,432,1891.0,-0.782486167319342,51.3465789102878
914,96.972,787,1037,603,675,809,1013,535,1891.0,-0.7811474399158871,51.3465789102878
915,18.674,818,1046,590,707,796,1045,566,1891.0,-0.7798087125124323,51.3465789102878
916,40.55,887,899,159,694,805,728,1023,1891.0,-0.7784699851089775,51.3465789102878
917,48.081,864,935,195,672,783,706,1059,1891.0,-0.7771312577055228,51.34657891028781
918,70.241,802,1003,317,609,720,643,1181,1891.0,-0.7757925303020677,51.3465789102878
919,30.505,3345,3545,3602,3217,3446,4012,4063,1891.0,-0.774453802898613,51.3465789102878
920,3.965,3345,3545,3602,3217,3446,4012,4063,1891.0,-0.7731150754951582,51.3465789102878
921,1.961,503,502,1947,291,981,1058,1764,1891.0,-0.7704376206882486,51.3465789102878
922,0.167,503,502,1947,291,981,1058,1764,1891.0,-0.7690988932847937,51.34657891028781
923,8.741,487,686,2096,358,1256,1334,1596,1891.0,-0.7637439836709745,51.3465789102878
924,13.378,487,686,2096,358,1256,1334,1596,1891.0,-0.7624052562675195,51.3465789102878
925,40.304,668,868,2224,540,1438,1515,1724,1891.0,-0.7610665288640649,51.34657891028781
926,0.0,883,1083,1887,755,1438,1336,1387,1891.0,-0.7597278014606101,51.3465789102878
927,0.0,1001,1201,1769,873,1320,1218,1270,1891.0,-0.7583890740571553,51.3465789102878
928,1.175,1329,1280,1838,1316,1394,1291,1343,1891.0,-0.7530341644433363,51.34657891028781
929,2.969,1308,1259,1817,1295,1372,1270,1322,1891.0,-0.7516954370398811,51.3465789102878
930,7.065,949,864,896,734,828,818,729,1891.0,-0.745001800022607,51.3465789102878
931,0.741,949,864,896,734,828,818,729,1891.0,-0.7436630726191522,51.3465789102878
932,1.98,1285,1133,453,1041,193,665,1163,1891.0,-0.7409856178122426,51.3465789102878
933,9.177,1285,1133,453,1041,193,665,1163,1891.0,-0.7396468904087876,51.3465789102878
934,0.041,1252,982,302,891,343,603,1130,1891.0,-0.7383081630053329,51.3465789102878
935,0.0,1170,883,204,792,442,504,1115,1891.0,-0.7369694356018781,51.3465789102878
936,0.247,1168,835,117,744,528,502,1157,1891.0,-0.7356307081984234,51.3465789102878
937,14.953,1137,735,17,643,632,463,1245,1891.0,-0.7342919807949686,51.3465789102878
938,39.248,1623,597,467,505,1076,659,1719,1891.0,-0.7329532533915135,51.3465789102878
939,56.08,1519,493,364,401,972,555,1615,1891.0,-0.7316145259880588,51.3465789102878
940,85.612,1325,416,418,324,1026,431,1437,1891.0,-0.7302757985846041,51.3465789102878
941,77.443,1327,397,640,305,1224,291,1439,1891.0,-0.7289370711811491,51.3465789102878
942,86.442,1459,268,634,177,1242,241,1570,1891.0,-0.7275983437776944,51.3465789102878
943,86.339,1529,308,742,238,1351,214,1640,1891.0,-0.7262596163742396,51.3465789102878
944,86.207,1580,274,833,221,1441,215,1691,1891.0,-0.7249208889707848,51.3465789102878
945,19.038,1613,279,914,226,1522,237,1724,1891.0,-0.72358216156733,51.3465789102878
946,40.306,1684,344,991,367,1659,128,1796,1891.0,-0.722243434163875,51.3465789102878
947,42.651,1771,385,909,460,1765,32,1883,1891.0,-0.7209047067604203,51.34657891028779
948,35.401,1849,356,917,519,1828,58,1960,1891.0,-0.7195659793569654,51.3465789102878
949,42.448,1952,569,867,657,1963,176,2065,1891.0,-0.7182272519535107,51.3465789102878
950,17.832,2082,1148,898,1244,2499,90,2650,1891.0,-0.7168885245500558,51.3465789102878
951,5.117,2131,1018,947,1183,2494,132,2644,1891.0,-0.715549797146601,51.3465789102878
952,23.452,2223,1116,1039,1281,2592,231,2742,1891.0,-0.7142110697431462,51.3465789102878
953,34.797,2297,1123,1113,1289,2581,266,2646,1891.0,-0.7128723423396913,51.34657891028781
954,51.257,2485,1184,1554,1350,2493,267,2530,1891.0,-0.7115336149362366,51.3465789102878
955,56.383,2485,1184,1554,1350,2493,267,2530,1891.0,-0.7101948875327817,51.3465789102878
956,24.471,352,222,592,7,282,1365,74,1891.0,-0.8025563997858898,51.345613846094814
957,36.226,265,135,505,0,194,1278,136,1891.0,-0.8012176901949208,51.3456138460948
958,61.279,194,106,477,30,166,1207,73,1891.0,-0.7998789806039519,51.34561384609481
959,74.882,323,65,334,41,4,1337,203,1891.0,-0.798540271012983,51.34561384609481
960,55.347,309,54,377,10,42,1348,255,1891.0,-0.7972015614220139,51.3456138460948
961,35.547,262,58,479,113,149,1301,357,1891.0,-0.795862851831045,51.34561384609481
962,28.99,29,225,646,74,316,1135,497,1891.0,-0.794524142240076,51.345613846094814
963,55.577,187,153,759,163,429,1070,354,1891.0,-0.7931854326491072,51.34561384609481
964,46.444,150,115,800,204,470,1053,285,1891.0,-0.7918467230581382,51.345613846094814
965,13.092,116,157,860,264,530,1102,215,1891.0,-0.7905080134671691,51.3456138460948
966,1.534,33,288,859,405,671,1005,84,1891.0,-0.7891693038762003,51.34561384609481
967,1.917,114,366,873,423,749,949,101,1891.0,-0.7878305942852314,51.345613846094814
968,13.859,261,520,767,256,838,771,30,1891.0,-0.7864918846942622,51.345613846094814
969,31.239,323,574,721,234,823,746,71,1891.0,-0.7851531751032934,51.345613846094814
970,73.588,488,739,584,407,790,834,237,1891.0,-0.7838144655123245,51.34561384609481
971,47.326,608,859,666,526,825,819,356,1891.0,-0.7824757559213554,51.345613846094814
972,63.313,772,1023,748,675,895,948,520,1891.0,-0.7811370463303864,51.34561384609481
973,20.903,785,1198,458,592,703,626,724,1891.0,-0.7797983367394173,51.345613846094814
974,38.927,693,1093,353,501,612,534,829,1891.0,-0.7784596271484485,51.34561384609481
975,51.038,715,1151,419,523,634,557,1121,1891.0,-0.7771209175574797,51.3456138460948
976,88.571,762,1071,339,570,681,604,1158,1891.0,-0.7757822079665105,51.34561384609481
977,17.977,819,1156,424,626,737,660,1225,1891.0,-0.7744434983755416,51.34561384609481
978,39.42,687,468,1914,448,948,1025,1806,1891.0,-0.7731047887845727,51.345613846094814
979,18.905,671,453,1898,433,933,1010,1790,1891.0,-0.7717660791936036,51.34561384609481
980,0.209,503,502,1947,291,981,1058,1764,1891.0,-0.7704273696026347,51.34561384609481
981,4.021,480,590,2040,268,1075,1152,1741,1891.0,-0.7690886600116659,51.345613846094814
982,3.581,380,534,1985,168,1019,1096,1641,1891.0,-0.767749950420697,51.34561384609481
983,17.208,362,555,2088,150,1126,1203,1623,1891.0,-0.7664112408297279,51.345613846094814
984,33.382,380,580,2106,239,1150,1227,1641,1891.0,-0.7650725312387588,51.345613846094814
985,11.52,454,654,2117,326,1224,1301,1617,1891.0,-0.76373382164779,51.34561384609481
986,4.676,498,697,2029,369,1267,1345,1529,1891.0,-0.7623951120568211,51.345613846094814
987,32.937,683,882,1912,554,1452,1360,1412,1891.0,-0.7610564024658522,51.34561384609481
988,0.0,683,882,1912,554,1452,1360,1412,1891.0,-0.759717692874883,51.345613846094814
989,1.271,1001,1201,1769,873,1320,1218,1270,1891.0,-0.7583789832839143,51.345613846094814
990,1.305,943,1075,1637,881,1188,1086,1138,1891.0,-0.7570402736929452,51.34561384609481
991,0.0,994,945,1508,980,1058,956,1008,1891.0,-0.7557015641019763,51.345613846094814
992,0.0,994,945,1508,980,1058,956,1008,1891.0,-0.7543628545110073,51.3456138460948
993,20.481,898,813,845,684,778,768,678,1891.0,-0.7449918873742247,51.34561384609481
994,35.036,949,864,896,734,828,818,729,1891.0,-0.7436531777832556,51.345613846094814
995,51.039,1052,967,608,838,689,768,832,1891.0,-0.7423144681922866,51.34561384609481
996,14.723,1034,949,590,820,671,750,814,1891.0,-0.7409757586013177,51.3456138460948
997,45.071,1092,1020,389,891,471,550,885,1891.0,-0.7396370490103487,51.34561384609481
998,1.523,1105,1015,316,923,396,476,981,1891.0,-0.7382983394193798,51.34561384609481
999,0.0,1048,932,226,840,513,383,1115,1891.0,-0.7369596298284108,51.34561384609481
1000,0.0,1168,835,117,744,528,502,1157,1891.0,-0.7356209202374419,51.34561384609481
1001,0.0,1047,801,130,709,702,354,1155,1891.0,-0.7342822106464729,51.345613846094814
1002,5.395,1107,634,305,542,889,279,1218,1891.0,-0.7329435010555038,51.3456138460948
1003,14.602,1201,540,372,448,956,374,1313,1891.0,-0.731604791464535,51.34561384609481
1004,32.912,1205,526,517,435,1102,318,1316,1891.0,-0.7302660818735662,51.34561384609481
1005,22.201,1285,448,597,356,1182,276,1396,1891.0,-0.7289273722825972,51.345613846094814
1006,44.946,1391,351,704,260,1288,252,1503,1891.0,-0.7275886626916283,51.34561384609481
1007,37.891,1437,403,781,324,1386,101,1548,1891.0,-0.7262499531006593,51.3456138460948
1008,12.236,1444,557,887,497,1439,114,1555,1891.0,-0.7249112435096905,51.34561384609481
1009,4.449,1513,518,983,540,1535,191,1625,1891.0,-0.7235725339187213,51.3456138460948
1010,21.607,1663,380,1005,402,1677,141,1775,1891.0,-0.7222338243277524,51.34561384609481
1011,48.1,2065,681,913,773,2078,288,2177,1891.0,-0.7208951147367834,51.34561384609481
1012,35.428,1911,527,735,617,1923,135,2024,1891.0,-0.7195564051458144,51.345613846094814
1013,37.251,2045,1117,861,1207,2462,161,2613,1891.0,-0.7182176955548455,51.345613846094814
1014,44.07,1992,1063,808,1153,2408,0,2560,1891.0,-0.7168789859638764,51.34561384609481
1015,13.627,2038,1104,854,1200,2455,46,2606,1891.0,-0.7155402763729075,51.345613846094814
1016,21.643,2393,1286,1209,1451,2604,401,2640,1891.0,-0.7142015667819386,51.345613846094814
1017,65.685,2355,1247,1171,1412,2562,363,2599,1891.0,-0.7128628571909696,51.34561384609481
1018,50.726,2415,1224,1240,1390,2454,349,2491,1891.0,-0.7115241476000007,51.345613846094814
1019,57.339,2348,1311,1327,1476,2356,436,2393,1891.0,-0.7101854380090318,51.34561384609481
1020,48.502,126,384,754,351,444,1139,246,1891.0,-0.8025457218044173,51.34464878938401
1021,29.91,26,231,602,198,291,1039,93,1891.0,-0.8012070300249271,51.34464878938402
1022,28.763,88,169,539,136,229,1101,31,1891.0,-0.7998683382454367,51.34464878938401
1023,49.363,312,238,520,158,169,1325,191,1891.0,-0.7985296464659464,51.34464878938401
1024,65.019,347,125,476,112,136,1373,309,1891.0,-0.7971909546864563,51.34464878938401
1025,53.403,192,168,588,170,258,1231,466,1891.0,-0.7958522629069658,51.34464878938401
1026,21.687,109,189,618,43,288,1104,465,1891.0,-0.7945135711274756,51.34464878938401
1027,6.551,120,113,719,123,389,1013,380,1891.0,-0.7931748793479853,51.34464878938401
1028,29.237,66,45,797,166,467,949,380,1891.0,-0.791836187568495,51.344648789384024
1029,16.287,115,125,900,266,570,998,389,1891.0,-0.7904974957890049,51.34464878938402
1030,0.298,213,274,1004,391,714,994,280,1891.0,-0.7891588040095145,51.34464878938402
1031,0.0,213,274,1004,391,714,994,280,1891.0,-0.7878201122300242,51.34464878938402
1032,0.213,298,524,764,264,829,752,48,1891.0,-0.7864814204505339,51.34464878938401
1033,70.711,352,578,758,294,799,722,100,1891.0,-0.7851427286710437,51.344648789384024
1034,76.594,525,776,792,443,796,718,273,1891.0,-0.7838040368915534,51.34464878938402
1035,71.699,575,826,812,494,764,687,323,1891.0,-0.782465345112063,51.344648789384024
1036,59.662,646,897,761,564,849,772,394,1891.0,-0.7811266533325729,51.34464878938402
1037,34.449,785,1198,458,592,703,626,724,1891.0,-0.7797879615530825,51.34464878938401
1038,40.155,664,1121,381,472,583,506,814,1891.0,-0.7784492697735923,51.34464878938401
1039,57.629,545,1101,528,352,463,386,951,1891.0,-0.7771105779941022,51.344648789384024
1040,37.023,703,1259,686,511,622,545,1109,1891.0,-0.7757718862146117,51.34464878938401
1041,46.115,856,1193,461,663,774,697,1262,1891.0,-0.7744331944351215,51.34464878938402
1042,60.669,593,375,1820,355,855,932,1713,1891.0,-0.7730945026556314,51.34464878938402
1043,35.506,593,375,1820,355,855,932,1713,1891.0,-0.7717558108761409,51.34464878938402
1044,5.409,354,399,1850,202,884,961,1595,1891.0,-0.7690784273171604,51.34464878938401
1045,13.077,274,468,2000,62,1038,1115,1535,1891.0,-0.7677397355376703,51.34464878938402
1046,12.45,216,389,1923,16,960,1037,1477,1891.0,-0.76640104375818,51.34464878938402
1047,8.057,303,503,2029,175,1073,1150,1564,1891.0,-0.7650623519786894,51.34464878938401
1048,10.966,420,620,2009,291,1190,1267,1510,1891.0,-0.7637236601991994,51.344648789384024
1049,22.499,440,640,1989,312,1210,1287,1489,1891.0,-0.7623849684197093,51.34464878938402
1050,6.491,655,855,1884,527,1425,1333,1384,1891.0,-0.7610462766402188,51.344648789384024
1051,0.155,683,882,1912,554,1452,1360,1412,1891.0,-0.7597075848607284,51.344648789384024
1052,0.0,994,945,1508,980,1058,956,1008,1891.0,-0.7556915095222579,51.34464878938402
1053,0.0,994,945,1508,980,1058,956,1008,1891.0,-0.7543528177427675,51.34464878938401
1054,28.085,752,667,699,538,632,622,532,1891.0,-0.7449819752863356,51.34464878938401
1055,39.791,828,743,667,614,708,697,608,1891.0,-0.7436432835068452,51.34464878938401
1056,38.538,857,772,726,642,736,726,637,1891.0,-0.742304591727355,51.34464878938401
1057,39.508,970,884,525,755,606,685,750,1891.0,-0.7409658999478648,51.344648789384024
1058,45.422,1089,1017,392,888,473,552,882,1891.0,-0.7396272081683745,51.34464878938402
1059,41.552,1074,1012,294,921,403,454,980,1891.0,-0.7382885163888842,51.34464878938402
1060,0.398,1007,932,250,840,579,341,1115,1891.0,-0.7369498246093938,51.34464878938401
1061,0.0,877,949,278,857,657,211,985,1891.0,-0.7356111328299038,51.34464878938402
1062,0.0,977,848,177,757,738,302,1085,1891.0,-0.7342724410504133,51.34464878938401
1063,0.0,1033,713,292,622,876,206,1145,1891.0,-0.7329337492709231,51.34464878938402
1064,0.0,1067,658,379,566,964,239,1178,1891.0,-0.7315950574914327,51.34464878938401
1065,0.0,1105,637,524,545,1076,272,1217,1891.0,-0.7302563657119425,51.34464878938401
1066,0.726,1218,538,642,447,1176,179,1329,1891.0,-0.7289176739324524,51.344648789384024
1067,3.579,1287,555,853,464,1318,0,1398,1891.0,-0.727578982152962,51.34464878938401
1068,18.197,1340,501,799,410,1351,17,1451,1891.0,-0.7262402903734717,51.34464878938401
1069,40.697,1627,826,1123,734,1669,332,1739,1891.0,-0.7249015985939815,51.34464878938401
1070,16.228,1654,853,1150,761,1696,358,1766,1891.0,-0.7235629068144913,51.344648789384024
1071,13.146,2099,715,946,806,2112,322,2211,1891.0,-0.722224215035001,51.34464878938401
1072,17.924,2033,649,881,741,2046,257,2145,1891.0,-0.7208855232555108,51.344648789384024
1073,18.926,1840,794,462,884,2063,178,2246,1891.0,-0.7195468314760205,51.34464878938402
1074,47.188,1893,965,709,1055,2310,165,2461,1891.0,-0.7182081396965301,51.34464878938401
1075,21.402,1884,955,700,1045,2301,83,2452,1891.0,-0.7168694479170398,51.34464878938401
1076,14.857,2040,1111,856,1201,2457,166,2608,1891.0,-0.7155307561375496,51.34464878938401
1077,13.472,2444,1336,1260,1502,2655,452,2691,1891.0,-0.7141920643580592,51.34464878938401
1078,65.956,2452,1342,1268,1508,2571,460,2608,1891.0,-0.712853372578569,51.344648789384024
1079,80.701,2402,1365,1339,1530,2410,490,2446,1891.0,-0.7115146807990786,51.34464878938402
1080,38.268,2275,1396,1411,1561,2283,521,2320,1891.0,-0.7101759890195887,51.34464878938402
1081,6.287,123,298,751,348,441,960,243,1891.0,-0.8025350444266969,51.343683740155086
1082,23.439,105,280,733,330,423,942,225,1891.0,-0.8011963704576782,51.34368374015507
1083,14.547,362,371,652,291,302,1375,242,1891.0,-0.7985190225196408,51.343683740155086
1084,17.863,438,183,604,237,274,1477,481,1891.0,-0.7971803485506221,51.343683740155086
1085,32.559,526,271,692,326,362,1565,570,1891.0,-0.7958416745816035,51.343683740155086
1086,3.547,121,191,671,17,341,1079,498,1891.0,-0.7945030006125848,51.343683740155086
1087,0.254,60,56,770,117,440,944,429,1891.0,-0.7931643266435663,51.343683740155086
1088,12.155,19,80,850,197,520,903,440,1891.0,-0.7918256526745474,51.343683740155086
1089,2.201,59,120,890,237,561,943,434,1891.0,-0.7904869787055286,51.343683740155086
1090,0.0,210,270,1008,388,711,997,283,1891.0,-0.7891483047365101,51.343683740155086
1091,0.0,213,274,1004,391,714,994,280,1891.0,-0.7878096307674916,51.343683740155086
1092,16.122,485,702,926,435,822,745,234,1891.0,-0.7864709567984729,51.34368374015507
1093,67.254,455,676,880,405,736,659,204,1891.0,-0.785132282829454,51.343683740155086
1094,61.639,492,728,878,434,617,540,240,1891.0,-0.7837936088604355,51.343683740155086
1095,51.108,597,848,886,516,786,709,345,1891.0,-0.7824549348914167,51.34368374015507
1096,43.204,574,1001,706,381,492,415,513,1891.0,-0.7811162609223982,51.343683740155086
1097,41.445,536,1092,510,343,454,377,699,1891.0,-0.7797775869533795,51.34368374015509
1098,26.814,436,993,636,244,355,278,875,1891.0,-0.7784389129843606,51.343683740155086
1099,68.317,495,1051,578,303,414,337,901,1891.0,-0.7771002390153421,51.34368374015507
1100,16.465,608,1164,591,415,526,449,1014,1891.0,-0.7757615650463234,51.343683740155086
1101,68.902,539,544,1586,325,620,697,1478,1891.0,-0.7744228910773047,51.343683740155086
1102,37.435,506,511,1553,292,587,664,1445,1891.0,-0.7730842171082861,51.343683740155086
1103,26.209,508,290,1654,189,689,766,1546,1891.0,-0.7717455431392675,51.34368374015507
1104,9.482,248,282,1765,251,800,877,1489,1891.0,-0.76906819520123,51.34368374015507
1105,4.298,229,275,1810,130,845,922,1470,1891.0,-0.7677295212322113,51.343683740155086
1106,20.342,170,366,1893,45,936,1013,1431,1891.0,-0.7663908472631927,51.34368374015507
1107,8.031,114,386,1793,193,1023,1042,1328,1891.0,-0.765052173294174,51.34368374015507
1108,7.285,344,615,1867,409,1253,1261,1367,1891.0,-0.7623748253561365,51.343683740155086
1109,10.465,354,625,1857,404,1263,1264,1357,1891.0,-0.7610361513871178,51.343683740155086
1110,11.605,562,834,1674,588,1225,1123,1174,1891.0,-0.7596974774180992,51.34368374015507
1111,21.438,752,667,699,538,632,622,532,1891.0,-0.744972063758894,51.343683740155086
1112,34.969,752,667,699,538,632,622,532,1891.0,-0.743633389789875,51.343683740155086
1113,118.014,815,730,746,601,695,685,595,1891.0,-0.7422947158208565,51.343683740155086
1114,63.247,850,765,797,635,729,719,630,1891.0,-0.7409560418518377,51.34368374015507
1115,49.284,939,853,886,724,818,808,719,1891.0,-0.7396173678828191,51.343683740155086
1116,55.5,1091,1006,1038,877,971,960,871,1891.0,-0.7382786939138005,51.343683740155086
1117,14.427,778,921,376,892,699,279,886,1891.0,-0.7369400199447816,51.34368374015507
1118,31.049,778,921,376,885,699,236,886,1891.0,-0.735601345975763,51.343683740155086
1119,0.104,938,863,317,771,744,163,1048,1891.0,-0.7342626720067444,51.343683740155086
1120,0.0,879,846,429,754,851,51,990,1891.0,-0.7329239980377258,51.34368374015507
1121,9.025,924,920,584,829,963,104,1036,1891.0,-0.7315853240687069,51.343683740155086
1122,14.415,1100,637,581,545,1086,272,1211,1891.0,-0.7302466500996884,51.343683740155086
1123,34.159,1102,747,764,656,1142,197,1214,1891.0,-0.7289079761306697,51.34368374015507
1124,23.917,1518,717,1014,625,1446,223,1512,1891.0,-0.727569302161651,51.343683740155086
1125,22.877,1437,636,934,544,1479,142,1550,1891.0,-0.7262306281926323,51.343683740155086
1126,32.104,1582,781,1078,689,1624,287,1694,1891.0,-0.7248919542236139,51.343683740155086
1127,31.252,1647,846,1144,755,1690,352,1760,1891.0,-0.7235532802545951,51.343683740155086
1128,16.538,1967,921,335,1011,1936,305,2119,1891.0,-0.7208759323165577,51.343683740155086
1129,31.183,1877,831,425,921,2025,216,2208,1891.0,-0.7195372583475389,51.34368374015507
1130,12.721,1748,819,564,909,2164,86,2316,1891.0,-0.7181985843785201,51.343683740155086
1131,17.43,1817,889,633,979,2234,149,2385,1891.0,-0.7168599104095016,51.343683740155086
1132,28.357,2040,1111,856,1201,2457,166,2608,1891.0,-0.7155212364404829,51.343683740155086
1133,10.602,2291,1363,1107,1453,2708,299,2859,1891.0,-0.714182562471464,51.343683740155086
1134,29.53,2578,1541,1516,1706,2586,666,2623,1891.0,-0.7128438885024454,51.34368374015507
1135,54.33,2536,1499,1474,1664,2544,624,2581,1891.0,-0.711505214533427,51.34368374015507
1136,26.332,2473,1582,1558,1748,2481,707,2517,1891.0,-0.7101665405644081,51.34368374015507
1137,0.193,123,298,751,348,441,960,243,1891.0,-0.8025243676526794,51.34271869840763
1138,4.356,116,234,745,341,434,896,236,1891.0,-0.8011857114931253,51.34271869840763
1139,5.396,591,336,757,390,427,1630,634,1891.0,-0.7958310868549087,51.34271869840763
1140,0.959,0,314,1085,432,755,629,688,1891.0,-0.7931537745358007,51.34271869840763
1141,0.611,0,287,1057,404,727,656,660,1891.0,-0.7918151183762465,51.34271869840763
1142,47.206,645,861,1085,594,836,759,393,1891.0,-0.7864604937380302,51.34271869840763
1143,60.836,581,797,999,531,727,649,330,1891.0,-0.7851218375784761,51.34271869840763
1144,46.133,552,788,882,446,557,480,300,1891.0,-0.7837831814189219,51.34271869840763
1145,128.102,500,927,744,307,418,341,439,1891.0,-0.7824445252593678,51.34271869840763
1146,129.228,477,978,718,285,396,319,491,1891.0,-0.7811058690998138,51.34271869840763
1147,43.543,419,975,627,226,337,260,582,1891.0,-0.7797672129402596,51.34271869840763
1148,41.641,419,975,718,226,337,260,857,1891.0,-0.7784285567807055,51.34271869840763
1149,75.591,479,1035,678,286,397,320,917,1891.0,-0.7770899006211516,51.34271869840763
1150,34.895,521,1077,720,328,439,362,959,1891.0,-0.7757512444615975,51.34271869840763
1151,57.692,506,511,1553,292,587,664,1445,1891.0,-0.7744125883020434,51.34271869840763
1152,76.477,506,511,1553,292,587,664,1445,1891.0,-0.7730739321424892,51.34271869840763
1153,24.024,378,159,1524,58,558,635,1416,1891.0,-0.7717352759829351,51.34271869840763
1154,2.714,353,134,1564,99,599,676,1456,1891.0,-0.770396619823381,51.34271869840763
1155,0.875,179,172,1708,251,743,820,1367,1891.0,-0.769057963663827,51.34271869840763
1156,2.092,110,191,1778,250,812,889,1370,1891.0,-0.7677193075042729,51.34271869840763
1157,4.834,34,305,1737,210,943,982,1272,1891.0,-0.7663806513447187,51.34271869840763
1158,23.367,99,370,1730,217,1008,979,1265,1891.0,-0.7650419951851647,51.34271869840763
1159,13.54,424,695,1787,474,1329,1236,1287,1891.0,-0.7610260267065024,51.34271869840763
1160,11.595,658,929,1659,708,1209,1107,1159,1891.0,-0.7596873705469483,51.34271869840763
1161,0.47,605,876,1606,656,1156,1054,1106,1891.0,-0.7583487143873943,51.34271869840763
1162,3.472,726,677,1240,713,790,688,740,1891.0,-0.7543327459087319,51.34271869840763
1163,0.004,588,539,1102,575,653,550,602,1891.0,-0.7516554335896236,51.34271869840763
1164,6.684,639,590,1153,626,703,601,653,1891.0,-0.7503167774300696,51.34271869840763
1165,3.461,637,588,1150,623,701,599,650,1891.0,-0.7489781212705154,51.34271869840764
1166,2.747,692,643,1206,679,757,655,706,1891.0,-0.7476394651109615,51.34271869840763
1167,18.259,606,521,553,392,486,476,386,1891.0,-0.7449621527918533,51.34271869840763
1168,71.215,589,504,536,375,469,459,369,1891.0,-0.7436234966322993,51.34271869840763
1169,108.629,741,656,688,527,621,610,521,1891.0,-0.7422848404727451,51.34271869840763
1170,29.668,842,757,789,627,721,711,622,1891.0,-0.7409461843131909,51.34271869840763
1171,40.804,482,625,162,596,680,0,591,1891.0,-0.7382688719940829,51.34271869840763
1172,15.877,592,735,272,706,790,109,701,1891.0,-0.7369302158345287,51.34271869840763
1173,20.177,660,803,341,775,824,147,770,1891.0,-0.7355915596749746,51.34271869840764
1174,24.688,730,873,413,847,888,97,841,1891.0,-0.7342529035154206,51.34271869840763
1175,20.449,820,929,495,871,924,5,932,1891.0,-0.7329142473558664,51.34271869840763
1176,28.867,894,953,559,862,938,79,1006,1891.0,-0.7315755911963124,51.34271869840763
1177,31.648,1512,941,1202,849,1379,447,1446,1891.0,-0.7302369350367582,51.34271869840763
1178,27.584,1473,802,1100,710,1341,308,1407,1891.0,-0.7288982788772042,51.34271869840763
1179,15.752,1536,769,1066,677,1424,274,1491,1891.0,-0.7275596227176501,51.34271869840763
1180,19.903,1620,819,1116,727,1528,325,1594,1891.0,-0.726220966558096,51.34271869840763
1181,5.444,1647,846,1144,755,1690,352,1760,1891.0,-0.7248823103985418,51.34271869840763
1182,5.749,1782,914,118,1227,1719,522,1902,1891.0,-0.7235436542389877,51.34271869840763
1183,34.251,1727,1033,237,1315,1838,411,2021,1891.0,-0.7222049980794335,51.34271869840763
1184,18.891,1648,1092,713,1182,2313,118,2496,1891.0,-0.7195276857603253,51.34271869840763
1185,20.31,1665,903,647,993,2248,11,2399,1891.0,-0.7181890296007714,51.34271869840763
1186,24.413,1705,942,687,1032,2287,45,2439,1891.0,-0.7168503734412173,51.34271869840763
1187,41.701,1951,1188,932,1278,2533,291,2684,1891.0,-0.7155117172816632,51.34271869840763
1188,38.422,2126,1280,1025,1370,2626,300,2777,1891.0,-0.714173061122109,51.34271869840763
1189,25.869,2359,1431,1175,1521,2776,367,2927,1891.0,-0.7128344049625549,51.34271869840763
1190,44.361,2560,1768,1743,1933,2568,893,2605,1891.0,-0.7114957488030009,51.34271869840763
1191,40.478,2543,1751,1726,1916,2551,876,2588,1891.0,-0.7101570926434468,51.34271869840763
1192,7.915,312,38,940,537,630,700,432,1891.0,-0.8011750531312184,51.3417536641413
1193,0.0,0,314,1085,432,755,629,688,1891.0,-0.7931432230246397,51.341753664141294
1194,0.0,28,288,1058,405,728,677,661,1891.0,-0.7918045846735433,51.34175366414131
1195,0.0,202,462,1232,579,902,625,835,1891.0,-0.7904659463224467,51.3417536641413
1196,0.0,230,490,1260,607,930,653,863,1891.0,-0.7891273079713504,51.34175366414131
1197,39.501,720,936,1160,669,911,834,468,1891.0,-0.7864500312691576,51.34175366414131
1198,65.527,751,967,1100,664,741,697,499,1891.0,-0.7851113929180609,51.341753664141294
1199,52.018,720,1070,1033,569,638,603,602,1891.0,-0.7837727545669645,51.3417536641413
1200,34.007,574,1130,845,382,493,416,668,1891.0,-0.7824341162158682,51.34175366414131
1201,53.168,542,1099,814,350,461,384,636,1891.0,-0.7810954778647718,51.341753664141315
1202,62.983,304,860,742,112,223,146,634,1891.0,-0.7797568395136754,51.3417536641413
1203,44.118,250,806,796,57,168,91,715,1891.0,-0.7784182011625791,51.341753664141315
1204,42.268,158,714,888,0,77,0,780,1891.0,-0.7770795628114824,51.3417536641413
1205,19.466,406,442,1453,264,488,565,1345,1891.0,-0.7757409244603859,51.3417536641413
1206,23.068,343,392,1390,227,424,501,1282,1891.0,-0.7744022861092896,51.34175366414131
1207,47.367,244,311,1291,173,326,403,1183,1891.0,-0.7730636477581931,51.3417536641413
1208,3.578,418,218,1465,0,499,577,1357,1891.0,-0.7717250094070967,51.34175366414131
1209,7.327,271,0,1603,218,637,714,1373,1891.0,-0.7703863710560003,51.341753664141315
1210,6.962,271,0,1603,218,637,714,1373,1891.0,-0.7690477327049036,51.3417536641413
1211,8.167,236,195,1642,395,833,863,1178,1891.0,-0.7677090943538074,51.341753664141315
1212,3.995,221,232,1605,414,870,854,1141,1891.0,-0.7663704560027108,51.3417536641413
1213,0.712,72,344,1671,266,981,920,1207,1891.0,-0.7650318176516144,51.3417536641413
1214,16.649,707,946,1648,900,1199,1097,1148,1891.0,-0.7610159025983252,51.34175366414131
1215,55.403,697,969,1698,748,1249,1147,1198,1891.0,-0.7596772642472287,51.341753664141294
1216,0.329,694,645,1207,680,758,656,707,1891.0,-0.7543227108428431,51.3417536641413
1217,2.85,588,539,1102,575,653,550,602,1891.0,-0.75164543414065,51.3417536641413
1218,0.0,531,482,1044,517,595,493,545,1891.0,-0.7503067957895537,51.34175366414131
1219,19.607,637,588,1150,623,701,599,650,1891.0,-0.7489681574384575,51.34175366414131
1220,6.861,492,443,1005,478,556,454,505,1891.0,-0.7476295190873609,51.3417536641413
1221,19.367,513,428,460,299,393,383,293,1891.0,-0.744952242385168,51.341753664141315
1222,72.676,492,406,277,277,371,361,272,1891.0,-0.7436136040340715,51.34175366414131
1223,128.047,610,525,236,396,490,398,390,1891.0,-0.7422749656829751,51.341753664141294
1224,85.575,611,530,125,414,500,288,408,1891.0,-0.7409363273318786,51.34175366414131
1225,24.114,537,541,0,434,517,162,428,1891.0,-0.7395976889807819,51.3417536641413
1226,22.45,450,593,120,548,629,63,542,1891.0,-0.7382590506296857,51.34175366414131
1227,20.582,524,667,204,638,722,41,632,1891.0,-0.7369204122785894,51.34175366414131
1228,29.587,658,801,349,777,856,186,771,1891.0,-0.7355817739274929,51.34175366414131
1229,29.939,736,879,427,855,907,199,849,1891.0,-0.7342431355763964,51.34175366414131
1230,16.183,962,1006,652,1070,1076,153,1006,1891.0,-0.7329044972252998,51.3417536641413
1231,25.958,1015,952,706,1023,1023,207,953,1891.0,-0.7315658588742036,51.341753664141294
1232,56.613,1285,970,975,899,1153,463,1219,1891.0,-0.7302272205231071,51.3417536641413
1233,24.549,1380,1039,1070,947,1248,544,1314,1891.0,-0.7288885821720106,51.3417536641413
1234,16.822,1663,795,0,1346,1600,641,1783,1891.0,-0.7248726671187213,51.341753664141315
1235,33.83,1727,1033,237,1315,1838,411,2021,1891.0,-0.7221953904165285,51.3417536641413
1236,30.538,1595,1165,370,1342,1970,279,2153,1891.0,-0.7208567520654321,51.34175366414131
1237,19.98,1648,1092,713,1182,2313,118,2496,1891.0,-0.7195181137143355,51.3417536641413
1238,15.773,1546,1033,610,1123,2211,60,2394,1891.0,-0.718179475363239,51.3417536641413
1239,29.731,1535,1139,599,1229,2200,165,2382,1891.0,-0.7168408370121426,51.341753664141294
1240,28.741,2003,1391,1067,1481,2668,418,2851,1891.0,-0.7141635603099498,51.3417536641413
1241,31.562,2023,1412,1088,1502,2688,438,2871,1891.0,-0.7128249219588533,51.34175366414131
1242,32.979,2162,1550,1226,1640,2827,577,3010,1891.0,-0.711486283607757,51.3417536641413
1243,47.19,2602,1810,1785,1975,2610,935,2646,1891.0,-0.7101476452566605,51.341753664141315
1244,13.103,386,36,960,572,604,626,507,1891.0,-0.8011643953719083,51.34078863735573
1245,0.0,531,468,1234,847,847,492,891,1891.0,-0.7958099131973257,51.34078863735572
1246,0.0,531,468,1234,847,847,492,891,1891.0,-0.7944712926536801,51.34078863735573
1247,0.298,238,553,1132,670,746,390,926,1891.0,-0.7917940515663887,51.34078863735573
1248,0.0,176,436,1206,553,876,542,809,1891.0,-0.7904554310227431,51.34078863735573
1249,0.0,215,475,1246,593,916,639,849,1891.0,-0.7891168104790977,51.340788637355736
1250,41.231,857,1073,1206,769,847,803,605,1891.0,-0.7851009488481605,51.340788637355736
1251,56.235,808,1214,1121,657,727,691,746,1891.0,-0.7837623283045149,51.34078863735573
1252,57.714,583,1134,933,445,501,503,743,1891.0,-0.7824237077608693,51.34078863735573
1253,57.019,566,1122,880,398,485,451,703,1891.0,-0.7810850872172237,51.34078863735573
1254,56.717,448,1004,920,284,367,367,778,1891.0,-0.7797464666735783,51.34078863735573
1255,15.855,201,757,1085,65,120,197,978,1891.0,-0.7784078461299324,51.34078863735573
1256,39.436,119,676,926,27,38,38,819,1891.0,-0.7770692255862869,51.34078863735573
1257,10.448,159,480,1206,295,240,318,1098,1891.0,-0.7757306050426412,51.34078863735573
1258,7.382,244,311,1291,173,326,403,1183,1891.0,-0.7743919844989955,51.34078863735573
1259,4.938,244,311,1291,173,326,403,1183,1891.0,-0.7730533639553501,51.34078863735573
1260,3.503,370,192,1417,140,451,529,1309,1891.0,-0.7717147434117042,51.34078863735573
1261,10.755,381,109,1493,168,527,605,1385,1891.0,-0.7703761228680587,51.34078863735572
1262,5.219,284,296,1542,478,878,791,1077,1891.0,-0.7676988817807675,51.340788637355736
1263,0.0,324,336,1502,517,862,751,1037,1891.0,-0.7663602612371219,51.34078863735573
1264,0.451,250,489,1493,444,1016,742,1029,1891.0,-0.7650216406934763,51.34078863735573
1265,0.0,504,743,1579,698,1130,996,1079,1891.0,-0.7623443996061849,51.34078863735573
1266,7.015,569,807,1569,762,1119,1002,1069,1891.0,-0.7610057790625392,51.34078863735573
1267,14.281,616,855,1483,810,1034,932,983,1891.0,-0.7596671585188938,51.34078863735573
1268,0.086,732,789,1352,825,902,800,852,1891.0,-0.7583285379752481,51.34078863735573
1269,1.133,544,495,1057,530,608,506,557,1891.0,-0.7543126763443112,51.34078863735573
1270,0.049,396,347,909,382,460,358,409,1891.0,-0.7502968147133743,51.34078863735573
1271,13.141,413,364,927,400,477,375,427,1891.0,-0.7489581941697286,51.34078863735573
1272,19.747,399,350,912,385,463,361,412,1891.0,-0.7476195736260831,51.34078863735573
1273,5.947,480,431,994,467,545,443,494,1891.0,-0.7462809530824374,51.34078863735573
1274,33.025,335,250,348,120,214,205,114,1891.0,-0.7449423325387917,51.34078863735573
1275,66.469,353,275,270,171,250,230,165,1891.0,-0.7436037119951461,51.34078863735573
1276,48.565,181,265,569,300,300,276,342,1891.0,-0.7422650914515007,51.34078863735573
1277,27.42,229,372,344,384,431,277,365,1891.0,-0.740926470907855,51.34078863735573
1278,25.248,240,383,321,461,494,266,425,1891.0,-0.7395878503642093,51.34078863735573
1279,18.978,489,632,180,607,686,126,601,1891.0,-0.7382492298205636,51.340788637355736
1280,35.324,1007,835,859,855,855,524,785,1891.0,-0.7355719887332723,51.34078863735573
1281,26.08,1053,881,905,901,901,569,830,1891.0,-0.7342333681896267,51.34078863735573
1282,33.45,1017,950,707,1021,1021,208,951,1891.0,-0.732894747645981,51.34078863735573
1283,15.806,1129,839,819,1055,996,320,1063,1891.0,-0.7315561271023356,51.340788637355736
1284,19.509,1262,972,952,922,1129,453,1196,1891.0,-0.73021750655869,51.34078863735573
1285,17.865,1380,1039,1070,947,1248,544,1314,1891.0,-0.7288788860150444,51.34078863735573
1286,20.646,1498,630,543,1526,1282,630,1465,1891.0,-0.7275402654713985,51.34078863735573
1287,12.733,1404,536,259,1584,1341,536,1524,1891.0,-0.7262016449277529,51.34078863735573
1288,21.682,1637,1195,400,1385,2001,321,2183,1891.0,-0.7208471627531704,51.340788637355736
1289,11.339,1398,1159,566,1249,2108,167,2325,1891.0,-0.7195085422095249,51.34078863735573
1290,22.122,1450,1108,541,1198,2115,134,2324,1891.0,-0.7181699216658792,51.34078863735573
1291,19.271,1642,1246,706,1336,2307,273,2490,1891.0,-0.7168313011222336,51.34078863735573
1292,13.477,1642,1246,706,1336,2307,273,2490,1891.0,-0.7154926805785881,51.34078863735573
1293,33.426,1882,1270,946,1360,2547,296,2729,1891.0,-0.7141540600349422,51.34078863735573
1294,14.463,1711,1707,1153,2088,2421,671,2638,1891.0,-0.7128154394912968,51.34078863735573
1295,34.944,2162,1550,1226,1640,2827,577,3010,1891.0,-0.7114768189476512,51.34078863735573
1296,5.396,519,168,844,472,472,494,639,1891.0,-0.8011537382151449,51.33982361805058
1297,20.266,745,395,742,370,370,391,866,1891.0,-0.7998151354779435,51.33982361805058
1298,11.557,355,651,1042,655,655,300,1043,1891.0,-0.7931221217919355,51.33982361805058
1299,22.883,239,554,1131,671,745,389,927,1891.0,-0.791783519054734,51.33982361805056
1300,0.399,262,522,1197,640,811,455,896,1891.0,-0.7904449163175323,51.33982361805056
1301,0.0,332,592,1276,709,889,534,965,1891.0,-0.7891063135803309,51.33982361805058
1302,0.0,499,759,1328,877,1017,651,1078,1891.0,-0.7877677108431291,51.33982361805056
1303,0.0,508,768,1319,886,1008,642,1069,1891.0,-0.7864291081059277,51.33982361805057
1304,54.006,728,1069,1114,592,646,598,706,1891.0,-0.7837519026315245,51.33982361805056
1305,83.317,660,1110,1046,524,578,615,768,1891.0,-0.7824132998943227,51.33982361805056
1306,114.209,441,998,1002,305,360,437,825,1891.0,-0.7810746971571212,51.33982361805057
1307,107.495,347,903,1096,211,266,343,919,1891.0,-0.7797360944199198,51.33982361805056
1308,28.918,232,788,1116,96,151,228,1001,1891.0,-0.7783974916827184,51.33982361805058
1309,32.601,148,704,1052,32,87,164,944,1891.0,-0.7770588889455164,51.33982361805056
1310,14.532,40,516,1086,176,121,198,979,1891.0,-0.775720286208315,51.33982361805058
1311,5.61,117,445,1164,253,198,276,1056,1891.0,-0.7743816834711134,51.33982361805057
1312,0.893,296,273,1343,235,377,454,1235,1891.0,-0.7730430807339117,51.33982361805056
1313,5.169,357,212,1404,174,438,515,1296,1891.0,-0.77170447799671,51.33982361805056
1314,9.683,456,467,1579,649,726,803,1115,1891.0,-0.7703658752595085,51.33982361805057
1315,15.176,456,467,1579,649,726,803,1115,1891.0,-0.769027272522307,51.33982361805057
1316,1.722,414,425,1412,607,773,661,947,1891.0,-0.7676886697851054,51.33982361805057
1317,0.0,383,622,1360,577,929,609,896,1891.0,-0.7663500670479041,51.33982361805058
1318,0.613,383,622,1360,577,929,609,896,1891.0,-0.7650114643107024,51.33982361805058
1319,0.0,504,743,1579,698,1130,996,1079,1891.0,-0.7623342588362991,51.33982361805057
1320,0.76,550,789,1533,743,1084,982,1033,1891.0,-0.7609956560990975,51.33982361805057
1321,0.018,613,851,1471,806,1021,919,971,1891.0,-0.7596570533618959,51.33982361805057
1322,0.0,732,789,1352,825,902,800,852,1891.0,-0.7583184506246945,51.33982361805057
1323,0.708,544,495,1057,530,608,506,557,1891.0,-0.7543026424130896,51.33982361805056
1324,0.0,310,261,824,297,374,272,324,1891.0,-0.7516254369386866,51.33982361805056
1325,1.983,269,220,783,256,333,231,283,1891.0,-0.7502868342014849,51.33982361805056
1326,1.408,309,260,823,296,374,272,323,1891.0,-0.7489482314642834,51.33982361805057
1327,0.84,309,250,581,137,120,256,153,1891.0,-0.7476096287270819,51.33982361805058
1328,2.643,399,327,474,130,217,307,130,1891.0,-0.7462710259898803,51.33982361805058
1329,4.795,336,248,376,70,156,203,65,1891.0,-0.7449324232526787,51.33982361805058
1330,46.962,274,195,359,124,168,149,125,1891.0,-0.7435938205154771,51.33982361805056
1331,36.388,115,199,504,265,272,183,247,1891.0,-0.7422552177782756,51.33982361805058
1332,64.732,88,229,514,342,342,240,275,1891.0,-0.7409166150410741,51.33982361805058
1333,6.044,84,229,538,347,356,240,275,1891.0,-0.7395780123038722,51.33982361805056
1334,41.515,758,586,610,606,606,565,536,1891.0,-0.7382394095666708,51.33982361805058
1335,38.626,941,769,793,788,788,624,718,1891.0,-0.7369008068294692,51.33982361805058
1336,34.791,941,769,793,788,788,624,718,1891.0,-0.7355622040922678,51.33982361805058
1337,35.806,970,798,822,818,818,486,748,1891.0,-0.7342236013550659,51.33982361805056
1338,17.645,1252,715,921,1116,872,443,1055,1891.0,-0.7328849986178645,51.33982361805056
1339,15.391,1410,776,880,1177,933,647,1116,1891.0,-0.731546395880663,51.33982361805058
1340,14.1,1514,645,558,1307,1064,645,1246,1891.0,-0.7302077931434613,51.33982361805056
1341,29.157,1397,528,441,1424,1181,528,1363,1891.0,-0.7288691904062596,51.33982361805056
1342,24.868,1357,489,306,1537,1294,489,1476,1891.0,-0.7275305876690582,51.33982361805058
1343,22.85,1435,567,648,1615,1372,567,1555,1891.0,-0.7261919849318565,51.33982361805056
1344,16.01,1512,644,725,1693,1449,636,1632,1891.0,-0.724853382194655,51.33982361805058
1345,4.517,1428,765,846,1814,1571,515,1753,1891.0,-0.7235147794574535,51.33982361805056
1346,9.362,1428,765,846,1814,1571,515,1753,1891.0,-0.7221761767202518,51.33982361805057
1347,20.87,1679,1226,430,1427,2031,364,2214,1891.0,-0.7208375739830503,51.339823618050566
1348,20.9,1256,1252,698,1391,1966,25,2183,1891.0,-0.7194989712458486,51.33982361805057
1349,24.671,1256,1252,698,1391,1966,25,2183,1891.0,-0.718160368508647,51.33982361805057
1350,20.885,1547,1308,715,1398,2257,316,2474,1891.0,-0.7168217657714454,51.33982361805057
1351,25.931,1537,1532,978,1913,2246,496,2464,1891.0,-0.7154831630342439,51.33982361805056
1352,19.13,1518,1513,959,1894,2228,477,2445,1891.0,-0.7141445602970422,51.33982361805056
1353,18.868,1628,1623,1069,2004,2338,587,2555,1891.0,-0.7128059575598408,51.33982361805057
1354,18.039,605,254,758,385,385,407,725,1891.0,-0.8011430816608794,51.33885860622545
1355,64.229,714,363,711,338,338,360,835,1891.0,-0.7998044967291152,51.33885860622546
1356,35.859,747,396,616,244,244,265,867,1891.0,-0.798465911797351,51.33885860622544
1357,70.633,1003,725,699,301,301,374,1412,1891.0,-0.7971273268655867,51.33885860622544
1358,132.124,955,746,720,321,321,326,1433,1891.0,-0.7957887419338225,51.33885860622545
1359,133.644,848,737,712,313,313,218,1425,1891.0,-0.7944501570020585,51.33885860622545
1360,68.015,430,745,940,554,554,198,1118,1891.0,-0.7931115720702944,51.33885860622545
1361,94.798,519,709,851,465,465,110,1207,1891.0,-0.7917729871385301,51.33885860622545
1362,56.62,600,755,897,511,511,155,1288,1891.0,-0.7904344022067658,51.33885860622544
1363,0.022,504,764,1323,881,1012,646,1073,1891.0,-0.7877572323432372,51.33885860622544
1364,0.0,646,906,1181,815,870,504,931,1891.0,-0.786418647411473,51.33885860622544
1365,0.0,675,912,1152,786,841,475,902,1891.0,-0.785080062479709,51.33885860622545
1366,8.93,746,998,1132,633,688,527,763,1891.0,-0.7837414775479447,51.33885860622545
1367,2.421,708,1065,1094,572,627,594,744,1891.0,-0.7824028926161803,51.33885860622545
1368,16.754,670,1063,1179,657,705,589,860,1891.0,-0.7810643076844161,51.33885860622545
1369,54.496,421,896,1307,332,387,464,1101,1891.0,-0.7797257227526521,51.33885860622545
1370,81.002,232,788,1116,96,151,228,1008,1891.0,-0.778387137820888,51.33885860622546
1371,29.542,311,727,1252,232,286,363,1059,1891.0,-0.7770485528891237,51.33885860622545
1372,28.339,226,619,1273,323,307,385,986,1891.0,-0.7757099679573595,51.33885860622544
1373,0.635,119,512,1166,255,201,278,1058,1891.0,-0.7743713830255952,51.33885860622545
1374,3.726,272,389,1318,351,353,430,1211,1891.0,-0.7730327980938312,51.33885860622545
1375,0.79,402,520,1449,482,483,560,1103,1891.0,-0.7716942131620669,51.33885860622545
1376,0.0,487,605,1483,566,568,645,1018,1891.0,-0.7703556282303026,51.33885860622545
1377,0.0,516,527,1519,664,665,743,1055,1891.0,-0.7690170432985384,51.33885860622544
1378,0.0,521,589,1259,714,792,508,795,1891.0,-0.7676784583667741,51.33885860622545
1379,0.55,510,584,1259,685,820,508,794,1891.0,-0.7663398734350101,51.33885860622544
1380,0.0,582,641,1162,625,889,411,697,1891.0,-0.7650012885032457,51.33885860622544
1381,0.0,136,143,599,287,445,144,373,1891.0,-0.7529540241173679,51.33885860622546
1382,4.462,46,50,599,193,352,63,280,1891.0,-0.7516154391856038,51.33885860622545
1383,25.379,95,35,653,150,299,65,232,1891.0,-0.7502768542538395,51.33885860622545
1384,108.208,234,179,653,125,194,187,153,1891.0,-0.7489382693220754,51.33885860622545
1385,3.679,323,262,587,102,109,240,155,1891.0,-0.7475996843903111,51.33885860622545
1386,4.224,396,316,474,72,45,252,134,1891.0,-0.7462610994585469,51.33885860622545
1387,6.385,267,157,315,0,4,106,53,1891.0,-0.7449225145267826,51.33885860622544
1388,13.031,202,76,357,101,110,40,121,1891.0,-0.7435839295950185,51.33885860622544
1389,20.122,130,56,375,175,184,75,104,1891.0,-0.7422453446632542,51.33885860622545
1390,4.513,177,57,383,250,250,165,79,1891.0,-0.74090675973149,51.33885860622544
1391,28.41,696,524,548,544,544,503,473,1891.0,-0.7395681747997259,51.33885860622545
1392,27.895,645,473,497,493,493,452,423,1891.0,-0.7382295898679616,51.33885860622545
1393,38.437,849,677,701,697,697,533,627,1891.0,-0.7355524200044332,51.33885860622545
1394,23.939,1178,544,769,944,701,415,884,1891.0,-0.7342138350726691,51.33885860622545
1395,25.236,1289,655,810,1055,812,526,995,1891.0,-0.7328752501409047,51.33885860622545
1396,18.846,1391,757,861,1158,914,628,1097,1891.0,-0.7315366652091405,51.33885860622545
1397,26.623,1505,681,594,1271,1028,681,1211,1891.0,-0.7301980802773764,51.33885860622545
1398,24.536,1225,357,438,1405,1162,357,1345,1891.0,-0.7288594953456121,51.33885860622545
1399,16.38,1309,441,354,1489,1246,441,1429,1891.0,-0.727520910413848,51.33885860622546
1400,17.587,1416,548,629,1597,1353,548,1536,1891.0,-0.7261823254820837,51.33885860622544
1401,25.714,1512,644,725,1693,1449,636,1632,1891.0,-0.7248437405503194,51.33885860622545
1402,24.119,1512,644,725,1693,1449,636,1632,1891.0,-0.7235051556185553,51.33885860622544
1403,37.297,1301,1101,742,1805,1907,388,2089,1891.0,-0.7221665706867911,51.33885860622545
1404,37.446,1197,997,638,1700,1802,283,1985,1891.0,-0.7208279857550267,51.33885860622545
1405,21.183,1244,1239,685,1404,1953,12,2171,1891.0,-0.7194894008232628,51.33885860622544
1406,17.096,1327,1322,768,1703,2037,286,2254,1891.0,-0.7181508158914985,51.33885860622545
1407,19.555,1327,1322,768,1703,2037,286,2254,1891.0,-0.7168122309597342,51.33885860622545
1408,40.657,1463,1458,904,1839,2172,422,2390,1891.0,-0.7154736460279699,51.33885860622545
1409,6.938,1518,1513,959,1894,2228,477,2445,1891.0,-0.714135061096206,51.33885860622545
1410,16.16,1377,1509,812,2105,2086,939,2252,1891.0,-0.7127964761644416,51.33885860622545
1411,47.7,1489,1622,925,2118,2103,1051,2140,1891.0,-0.7114578912326773,51.33885860622545
1412,42.383,1903,1968,1354,1926,1911,1175,1947,1891.0,-0.7101193063009134,51.33885860622545
1413,26.861,1789,1854,1271,1812,1797,1061,1834,1891.0,-0.708780721369149,51.33885860622545
1414,20.568,1701,1766,1319,1724,1709,973,1746,1891.0,-0.7074421364373847,51.33885860622545
1415,13.901,1552,1617,1468,1575,1560,824,1596,1891.0,-0.7061035515056205,51.33885860622545
1416,37.786,1542,1606,1480,1565,1550,813,1586,1891.0,-0.7047649665738563,51.33885860622544
1417,22.656,1333,1398,1470,1356,1341,605,1378,1891.0,-0.7034263816420923,51.33885860622545
1418,27.113,1273,1338,1410,1296,1281,545,1317,1891.0,-0.7020877967103278,51.33885860622545
1419,3.975,1178,1243,1315,1201,1186,450,1223,1891.0,-0.7007492117785638,51.33885860622544
1420,6.74,1252,1317,1389,1275,1260,524,1297,1891.0,-0.6994106268467996,51.33885860622545
1421,35.515,841,490,522,312,338,171,961,1891.0,-0.7997938585817286,51.33789360188
1422,64.619,747,396,616,244,244,265,867,1891.0,-0.7984552914543952,51.33789360188001
1423,88.817,955,677,651,252,252,326,1364,1891.0,-0.7971167243270618,51.33789360188001
1424,112.789,886,562,536,138,138,247,1249,1891.0,-0.7957781571997282,51.33789360188001
1425,127.951,807,601,576,177,177,178,1289,1891.0,-0.7944395900723948,51.33789360188
1426,130.97,702,660,681,282,282,73,1356,1891.0,-0.7931010229450615,51.33789360188001
1427,80.067,629,599,741,362,362,5,1289,1891.0,-0.791762455817728,51.337893601880005
1428,90.028,679,734,936,589,589,220,1231,1891.0,-0.7904238886903946,51.33789360188
1429,100.22,702,711,917,612,612,220,1207,1891.0,-0.789085321563061,51.33789360188
1430,18.031,807,623,830,605,599,140,1103,1891.0,-0.7877467544357277,51.33789360188
1431,0.0,896,712,918,693,687,241,1035,1891.0,-0.7864081873083942,51.33789360188001
1432,0.0,743,875,1081,756,810,404,872,1891.0,-0.785069620181061,51.33789360188001
1433,0.0,812,928,1135,836,891,458,952,1891.0,-0.7837310530537273,51.33789360188
1434,0.0,575,968,1284,624,624,488,964,1891.0,-0.7810539187990604,51.33789360188
1435,1.941,541,934,1308,593,591,456,996,1891.0,-0.7797153516717271,51.33789360188001
1436,39.181,453,846,1425,532,529,392,1051,1891.0,-0.7783767845443935,51.33789360188
1437,32.222,324,717,1371,433,406,407,911,1891.0,-0.7770382174170603,51.337893601880005
1438,5.547,284,677,1331,401,365,414,901,1891.0,-0.7756996502897268,51.33789360188
1439,0.0,487,605,1483,566,568,645,1018,1891.0,-0.7703453817803929,51.337893601880005
1440,2.404,571,647,1173,636,878,422,708,1891.0,-0.7663296803983928,51.33789360188001
1441,0.0,582,641,1162,625,889,411,697,1891.0,-0.7649911132710592,51.33789360188001
1442,1.27,763,264,878,348,1213,268,634,1891.0,-0.7596368447617255,51.33789360188001
1443,0.098,392,100,620,512,841,158,770,1891.0,-0.758298277634392,51.33789360188
1444,4.446,392,100,620,512,841,158,770,1891.0,-0.7569597105070586,51.337893601880005
1445,0.787,187,129,414,480,638,38,567,1891.0,-0.7556211433797253,51.33789360188001
1446,5.827,197,185,464,431,590,42,518,1891.0,-0.7542825762523917,51.33789360188
1447,28.023,136,206,544,350,508,102,436,1891.0,-0.7529440091250583,51.33789360188
1448,52.001,61,64,574,208,366,33,294,1891.0,-0.7516054419977249,51.33789360188001
1449,55.078,160,93,603,72,244,24,166,1891.0,-0.7502668748703915,51.33789360188001
1450,34.815,220,153,629,68,194,49,105,1891.0,-0.748928307743058,51.33789360188001
1451,5.397,332,265,541,0,63,188,27,1891.0,-0.7475897406157246,51.337893601880005
1452,5.305,422,303,422,25,81,246,123,1891.0,-0.7462511734883911,51.33789360188
1453,5.933,361,211,219,10,7,127,29,1891.0,-0.7449126063610577,51.33789360188001
1454,11.316,342,192,191,11,18,114,25,1891.0,-0.7435740392337243,51.33789360188001
1455,36.947,233,72,269,125,125,104,94,1891.0,-0.7422354721063908,51.33789360188
1456,43.412,208,43,352,235,235,183,65,1891.0,-0.7408969049790577,51.33789360188001
1457,26.077,545,373,397,393,393,352,323,1891.0,-0.7395583378517239,51.33789360188001
1458,20.48,605,433,457,453,453,412,383,1891.0,-0.7382197707243905,51.33789360188001
1459,40.122,1019,687,521,696,453,311,636,1891.0,-0.7368812035970571,51.337893601880005
1460,17.595,1093,596,684,859,616,330,798,1891.0,-0.7355426364697235,51.33789360188
1461,33.944,1158,547,750,925,681,395,864,1891.0,-0.7342040693423902,51.33789360188001
1462,34.071,1251,383,771,1076,832,383,1015,1891.0,-0.7328655022150568,51.33789360188001
1463,20.322,1249,381,769,1074,830,381,1013,1891.0,-0.7315269350877234,51.33789360188
1464,18.966,1101,232,621,1222,979,232,1162,1891.0,-0.7301883679603899,51.337893601880005
1465,23.691,1071,203,591,1252,1008,203,1191,1891.0,-0.7288498008330564,51.33789360188
1466,28.088,1196,328,924,1441,1198,328,1381,1891.0,-0.7275112337057231,51.33789360188001
1467,18.156,1222,353,949,1467,1224,353,1407,1891.0,-0.7261726665783896,51.33789360188
1468,18.962,1489,1290,931,1993,2095,576,2278,1891.0,-0.7248340994510563,51.33789360188
1469,34.003,1489,1290,931,1993,2095,576,2278,1891.0,-0.7234955323237227,51.337893601880005
1470,37.685,1246,1114,688,1750,1920,333,2102,1891.0,-0.7221569651963893,51.33789360188001
1471,22.587,1197,1031,638,1700,1836,283,2019,1891.0,-0.7208183980690558,51.33789360188
1472,6.708,1104,1099,545,1544,1813,127,2031,1891.0,-0.7194798309417224,51.33789360188001
1473,32.508,1228,1223,669,1604,1938,187,2155,1891.0,-0.7181412638143888,51.33789360188
1474,33.032,1258,1253,699,1634,1968,217,2185,1891.0,-0.7168026966870554,51.33789360188001
1475,2.982,1221,1354,657,1950,1930,783,2142,1891.0,-0.7154641295597222,51.33789360188001
1476,21.573,1274,1407,710,2003,1983,836,2195,1891.0,-0.7141255624323886,51.33789360188001
1477,39.715,1427,1560,863,2156,2137,989,2303,1891.0,-0.7127869953050552,51.33789360188001
1478,34.017,1474,1606,909,2202,2183,1036,2349,1891.0,-0.7114484281777217,51.33789360188001
1479,26.614,1656,1789,1092,1951,1936,1200,1973,1891.0,-0.7101098610503883,51.33789360188
1480,27.26,1754,1819,1266,1777,1762,1026,1799,1891.0,-0.7087712939230549,51.337893601880005
1481,10.558,1754,1819,1266,1777,1762,1026,1799,1891.0,-0.7074327267957214,51.33789360188
1482,19.646,1470,1535,1550,1493,1478,742,1515,1891.0,-0.7047555925410546,51.337893601880005
1483,25.447,1276,1341,1413,1299,1284,548,1321,1891.0,-0.7034170254137212,51.33789360188
1484,51.426,1276,1341,1413,1299,1284,548,1321,1891.0,-0.7020784582863878,51.33789360188001
1485,33.725,1102,1167,1239,1125,1110,374,1147,1891.0,-0.7007398911590544,51.33789360188001
1486,1.494,1045,1109,1181,1068,1053,315,1089,1891.0,-0.6994013240317208,51.33789360188
1487,2.31,1196,1261,1332,1219,1204,465,1240,1891.0,-0.6980627569043873,51.337893601880005
1488,1.381,1211,1276,1348,1234,1219,481,1256,1891.0,-0.696724189777054,51.33789360188001
1489,9.94,878,527,644,441,483,169,998,1891.0,-0.8024603196835522,51.33692860501386
1490,15.128,983,503,531,328,370,56,1103,1891.0,-0.8011217703596432,51.33692860501387
1491,40.318,1049,359,387,184,226,36,1170,1891.0,-0.7997832210357338,51.33692860501387
1492,44.562,1023,351,379,130,172,42,1143,1891.0,-0.798444671711825,51.33692860501387
1493,39.221,1038,376,344,11,54,103,1165,1891.0,-0.7971061223879157,51.33692860501387
1494,83.534,889,519,493,94,94,240,1206,1891.0,-0.7957675730640064,51.33692860501387
1495,147.3,866,449,539,184,184,237,1296,1891.0,-0.7944290237400974,51.33692860501387
1496,71.726,745,483,625,312,312,116,1340,1891.0,-0.7930904744161881,51.33692860501387
1497,70.333,767,499,663,369,369,75,1265,1891.0,-0.7917519250922789,51.33692860501387
1498,66.491,866,575,777,532,529,84,1082,1891.0,-0.7904133757683697,51.33692860501387
1499,92.319,836,590,796,571,565,102,1082,1891.0,-0.7890748264444606,51.33692860501387
1500,97.373,879,565,771,546,540,82,1030,1891.0,-0.7877362771205514,51.33692860501387
1501,55.197,921,687,893,668,662,216,1060,1891.0,-0.7863977277966422,51.33692860501386
1502,3.421,928,719,925,700,694,305,980,1891.0,-0.7850591784727331,51.33692860501387
1503,0.0,957,1050,1280,956,1035,602,1059,1891.0,-0.7837206291488239,51.33692860501387
1504,0.0,632,953,1395,520,520,422,962,1891.0,-0.7797049811770963,51.33692860501387
1505,5.993,526,919,1487,426,426,286,994,1891.0,-0.7783664318531872,51.33692860501387
1506,15.862,397,790,1443,486,462,361,963,1891.0,-0.777027882529278,51.33692860501387
1507,15.077,408,801,1455,524,489,413,974,1891.0,-0.7756893332053688,51.33692860501387
1508,2.318,471,864,1518,588,553,503,719,1891.0,-0.7743507838814597,51.336928605013874
1509,6.423,679,797,1675,759,760,837,1210,1891.0,-0.7703351359097319,51.33692860501387
1510,0.027,632,133,747,217,1082,137,503,1891.0,-0.7609652906423676,51.33692860501387
1511,3.028,631,132,802,316,1082,236,603,1891.0,-0.7596267413184586,51.33692860501387
1512,4.765,407,106,489,342,861,195,641,1891.0,-0.7582881919945493,51.33692860501387
1513,61.496,308,15,536,439,762,97,691,1891.0,-0.7569496426706404,51.336928605013874
1514,97.344,233,83,461,506,683,46,611,1891.0,-0.7556110933467312,51.33692860501387
1515,91.579,114,200,396,514,678,105,550,1891.0,-0.7542725440228218,51.33692860501387
1516,23.898,7,315,411,440,611,219,440,1891.0,-0.7529339946989125,51.33692860501387
1517,7.199,171,176,459,320,479,87,327,1891.0,-0.7515954453750037,51.33692860501387
1518,55.314,166,195,386,254,425,175,254,1891.0,-0.7502568960510944,51.33692860501387
1519,66.591,330,250,438,16,298,112,16,1891.0,-0.7489183467271853,51.336928605013874
1520,6.465,464,369,405,53,88,220,48,1891.0,-0.747579797403276,51.33692860501387
1521,7.16,500,376,343,44,141,221,96,1891.0,-0.746241248079367,51.33692860501387
1522,5.318,527,357,181,176,184,8,114,1891.0,-0.7449026987554576,51.33692860501386
1523,9.878,416,252,102,91,91,35,25,1891.0,-0.7435641494315485,51.33692860501387
1524,35.439,322,150,174,170,170,129,100,1891.0,-0.7422256001076394,51.336928605013874
1525,33.204,702,530,205,380,137,184,320,1891.0,-0.7408870507837304,51.33692860501387
1526,24.776,727,555,230,405,161,172,344,1891.0,-0.739548501459821,51.33692860501387
1527,87.792,889,529,460,635,392,154,574,1891.0,-0.7382099521359118,51.33692860501387
1528,37.996,906,518,497,672,429,143,612,1891.0,-0.7368714028120027,51.33692860501387
1529,17.672,722,270,668,843,599,157,782,1891.0,-0.7355328534880934,51.33692860501387
1530,17.469,1177,511,769,944,701,414,883,1891.0,-0.7341943041641843,51.33692860501387
1531,21.284,775,112,825,1000,757,0,940,1891.0,-0.732855754840275,51.33692860501387
1532,28.444,924,56,738,1170,927,56,1109,1891.0,-0.7315172055163658,51.33692860501387
1533,18.174,981,113,693,1227,984,113,1166,1891.0,-0.7301786561924566,51.33692860501387
1534,16.967,1165,297,893,1411,1168,297,1350,1891.0,-0.7275015575446384,51.336928605013874
1535,19.174,1347,536,799,1650,1407,211,1589,1891.0,-0.7261630082207291,51.33692860501387
1536,20.812,1468,1268,909,1971,2073,554,2256,1891.0,-0.7234859095729109,51.33692860501387
1537,25.682,1246,1114,688,1750,1920,333,2102,1891.0,-0.7221473602490017,51.33692860501387
1538,14.663,977,907,413,1706,1687,210,1898,1891.0,-0.7208088109250923,51.33692860501386
1539,11.606,944,940,386,1673,1654,286,1871,1891.0,-0.7194702616011833,51.33692860501387
1540,8.798,1316,1311,757,1692,2026,275,2243,1891.0,-0.7181317122772741,51.33692860501387
1541,7.547,1045,1178,481,1774,1755,607,1967,1891.0,-0.7167931629533649,51.336928605013874
1542,31.692,1171,1303,606,1899,1880,733,2092,1891.0,-0.7154546136294558,51.33692860501387
1543,20.429,1189,1322,625,1917,1898,751,2110,1891.0,-0.7141160643055466,51.33692860501387
1544,35.351,1548,1681,984,2277,2258,1110,2424,1891.0,-0.7127775149816374,51.33692860501387
1545,28.319,1474,1606,909,2202,2183,1036,2349,1891.0,-0.7114389656577284,51.33692860501387
1546,9.42,1660,1793,1096,1947,1932,1196,1969,1891.0,-0.710100416333819,51.33692860501387
1547,7.606,1399,1464,1535,1422,1407,670,1443,1891.0,-0.7047462190381824,51.33692860501387
1548,18.267,1242,1307,1379,1265,1250,514,1287,1891.0,-0.703407669714273,51.33692860501386
1549,14.792,1132,1197,1269,1155,1140,404,1176,1891.0,-0.702069120390364,51.33692860501387
1550,43.353,983,1048,1119,1006,991,254,1027,1891.0,-0.7007305710664549,51.33692860501387
1551,4.212,976,1041,1113,1000,984,246,1021,1891.0,-0.6993920217425457,51.336928605013874
1552,3.076,1156,1221,1292,1179,1164,425,1200,1891.0,-0.6980534724186364,51.33692860501387
1553,0.165,1196,1261,1333,1219,1204,465,1240,1891.0,-0.6967149230947272,51.33692860501387
1554,0.071,883,532,631,428,470,156,1004,1891.0,-0.8024496471340649,51.33596361562669
1555,6.323,1012,475,503,300,342,28,1132,1891.0,-0.8011111156125735,51.33596361562669
1556,5.474,1074,359,387,237,280,36,1194,1891.0,-0.799772584091082,51.33596361562669
1557,27.614,1073,278,306,146,167,22,1193,1891.0,-0.7984340525695907,51.33596361562669
1558,27.936,1107,321,287,56,73,104,1234,1891.0,-0.7970955210480992,51.33596361562669
1559,88.251,1162,348,416,315,258,260,1455,1891.0,-0.795756989526608,51.33596361562669
1560,108.772,954,318,436,316,316,236,1411,1891.0,-0.7944184580051168,51.33596361562669
1561,122.029,883,358,514,346,340,226,1336,1891.0,-0.7930799264836252,51.33596361562669
1562,56.787,900,395,575,377,371,200,1275,1891.0,-0.791741394962134,51.335963615626696
1563,73.881,937,541,728,505,505,158,1096,1891.0,-0.7904028634406426,51.33596361562669
1564,77.59,915,470,677,452,445,15,977,1891.0,-0.7890643319191514,51.33596361562669
1565,73.249,874,488,694,469,463,79,927,1891.0,-0.7877258003976599,51.33596361562669
1566,84.924,882,644,851,626,619,234,935,1891.0,-0.7863872688761685,51.335963615626696
1567,67.794,861,766,973,747,741,332,913,1891.0,-0.7850487373546773,51.3359636156267
1568,3.632,968,1040,1290,946,1046,613,1048,1891.0,-0.7837102058331858,51.33596361562669
1569,0.354,518,902,1554,351,351,211,919,1891.0,-0.7783560797472204,51.3359636156267
1570,5.909,599,842,1538,286,286,158,850,1891.0,-0.7770175482257292,51.33596361562669
1571,13.128,693,783,1479,196,196,53,792,1891.0,-0.7756790167042378,51.33596361562669
1572,25.108,506,884,1552,582,587,469,685,1891.0,-0.7743404851827465,51.33596361562669
1573,2.017,796,300,831,268,1129,53,321,1891.0,-0.7636322330108156,51.33596361562669
1574,3.104,740,262,779,242,1108,28,315,1891.0,-0.7622937014893243,51.33596361562669
1575,4.166,616,152,672,144,1010,64,441,1891.0,-0.7609551699678327,51.335963615626696
1576,66.781,547,196,704,202,1001,122,499,1891.0,-0.7596166384463415,51.33596361562669
1577,96.655,456,161,435,309,910,241,692,1891.0,-0.7582781069248504,51.3359636156267
1578,57.983,453,159,448,397,908,242,696,1891.0,-0.7569395754033588,51.33596361562669
1579,94.779,333,349,336,428,825,289,659,1891.0,-0.7556010438818674,51.33596361562669
1580,36.589,228,266,219,516,697,228,542,1891.0,-0.7542625123603762,51.33596361562669
1581,4.514,63,163,279,406,569,341,406,1891.0,-0.7529239808388848,51.3359636156267
1582,17.354,55,139,327,363,534,289,363,1891.0,-0.7515854493173935,51.33596361562669
1583,25.828,201,108,296,161,332,247,161,1891.0,-0.750246917795902,51.33596361562669
1584,127.283,287,192,380,82,243,181,90,1891.0,-0.7489083862744107,51.33596361562669
1585,29.437,393,298,371,31,150,183,81,1891.0,-0.7475698547529196,51.33596361562669
1586,14.323,498,403,264,122,241,70,172,1891.0,-0.746231323231428,51.3359636156267
1587,12.977,631,431,155,309,221,157,248,1891.0,-0.7448927917099367,51.33596361562669
1588,9.471,490,318,18,168,141,16,107,1891.0,-0.7435542601884453,51.33596361562669
1589,103.191,612,440,114,289,48,83,229,1891.0,-0.7422157286669541,51.3359636156267
1590,74.257,773,601,276,451,280,126,390,1891.0,-0.7408771971454627,51.33596361562669
1591,69.538,770,622,316,491,274,86,430,1891.0,-0.7395386656239713,51.33596361562669
1592,18.096,824,481,463,638,395,61,578,1891.0,-0.73820013410248,51.33596361562669
1593,17.347,847,451,487,662,418,84,601,1891.0,-0.7368616025809887,51.33596361562669
1594,7.258,722,270,668,843,599,157,782,1891.0,-0.7355230710594973,51.3359636156267
1595,26.061,748,139,799,974,731,26,913,1891.0,-0.734184539538006,51.3359636156267
1596,25.08,761,126,812,987,744,13,927,1891.0,-0.7328460080165144,51.33596361562669
1597,41.086,868,14,810,1113,870,14,1053,1891.0,-0.7315074764950231,51.33596361562669
1598,50.257,910,42,752,1156,913,42,1095,1891.0,-0.7301689449735319,51.33596361562669
1599,32.362,1021,183,978,1296,1053,183,1236,1891.0,-0.7288304134520404,51.33596361562669
1600,15.502,1154,286,702,1399,1156,39,1339,1891.0,-0.7274918819305491,51.33596361562669
1601,20.26,1222,412,675,1525,1282,86,1465,1891.0,-0.7261533504090577,51.33596361562669
1602,32.726,1166,588,619,1701,1458,189,1641,1891.0,-0.7248148188875666,51.33596361562669
1603,17.542,1166,588,619,1701,1458,189,1641,1891.0,-0.7234762873660753,51.335963615626696
1604,4.967,827,823,349,1556,1537,264,1835,1891.0,-0.7207992243230924,51.33596361562669
1605,3.956,895,942,331,1624,1604,327,1816,1891.0,-0.7194606928016011,51.3359636156267
1606,9.56,856,988,292,1584,1565,418,1777,1891.0,-0.7181221612801096,51.33596361562669
1607,19.553,1006,1139,442,1735,1716,568,1928,1891.0,-0.7167836297586184,51.33596361562669
1608,1.139,1306,1030,1145,1008,993,815,1030,1891.0,-0.7074139091081788,51.33596361562669
1609,38.481,1306,1030,1145,1008,993,815,1030,1891.0,-0.7060753775866875,51.3359636156267
1610,4.926,1268,993,1108,971,956,645,992,1891.0,-0.7047368460651962,51.33596361562669
1611,35.711,816,881,953,839,824,185,860,1891.0,-0.7020597830222135,51.33596361562669
1612,71.729,771,836,907,794,779,140,815,1891.0,-0.7007212515007222,51.335963615626696
1613,15.18,860,959,1007,917,902,109,922,1891.0,-0.6993827199792307,51.33596361562669
1614,0.08,921,1020,1068,978,963,169,983,1891.0,-0.6980441884577395,51.33596361562669
1615,0.478,1259,697,631,803,825,532,1379,1891.0,-0.8024389751878833,51.3349986337181
1616,0.604,1396,333,294,440,461,339,1516,1891.0,-0.8011004614678033,51.33499863371811
1617,20.02,1263,200,196,307,328,206,1383,1891.0,-0.7997619477477237,51.3349986337181
1618,69.36,1232,136,164,276,298,175,1352,1891.0,-0.7984234340276438,51.33499863371811
1619,69.218,1275,246,108,224,190,150,1402,1891.0,-0.7970849203075636,51.3349986337181
1620,73.299,1229,153,171,237,128,58,1414,1891.0,-0.7957464065874839,51.334998633718094
1621,45.062,1096,156,298,250,243,98,1399,1891.0,-0.794407892867404,51.33499863371811
1622,123.183,1014,232,420,214,208,220,1287,1891.0,-0.7930693791473243,51.334998633718094
1623,46.212,970,299,487,280,274,266,1202,1891.0,-0.7917308654272444,51.3349986337181
1624,51.796,1011,272,479,254,247,198,1063,1891.0,-0.7903923517071645,51.33499863371811
1625,80.446,998,311,518,293,286,233,1050,1891.0,-0.7890538379870846,51.33499863371811
1626,26.771,791,503,710,485,478,153,843,1891.0,-0.7877153242670046,51.3349986337181
1627,68.77,737,625,832,606,600,212,789,1891.0,-0.7863768105469248,51.33499863371811
1628,98.764,723,696,947,626,641,194,775,1891.0,-0.785038296826845,51.3349986337181
1629,93.118,676,717,1051,595,632,147,728,1891.0,-0.7836997831067651,51.3349986337181
1630,0.0,784,675,1372,582,775,594,684,1891.0,-0.7796842419465256,51.33499863371811
1631,0.0,819,747,1443,286,286,174,755,1891.0,-0.7783457282264457,51.334998633718094
1632,0.017,755,674,1371,212,212,110,683,1891.0,-0.7770072145063658,51.33499863371811
1633,5.285,734,718,1414,128,128,62,727,1891.0,-0.7756687007862857,51.3349986337181
1634,15.454,812,710,1406,29,29,135,718,1891.0,-0.774330187066206,51.33499863371811
1635,19.75,727,657,1353,382,422,271,487,1891.0,-0.7729916733461262,51.33499863371811
1636,1.503,737,685,1381,358,450,245,461,1891.0,-0.7716531596260462,51.3349986337181
1637,0.0,804,722,1418,279,507,158,382,1891.0,-0.7703146459059663,51.33499863371811
1638,2.63,977,480,1141,70,762,60,82,1891.0,-0.7676376184658067,51.334998633718094
1639,2.698,1020,439,1048,28,856,10,45,1891.0,-0.7662991047457268,51.3349986337181
1640,3.067,886,378,920,273,983,114,298,1891.0,-0.7649605910256468,51.3349986337181
1641,10.203,799,276,820,213,1086,17,248,1891.0,-0.763622077305567,51.334998633718094
1642,12.259,822,251,691,154,1019,94,391,1891.0,-0.7622835635854873,51.3349986337181
1643,41.421,824,325,616,79,945,79,480,1891.0,-0.7609450498654072,51.33499863371811
1644,64.496,713,300,550,44,910,44,550,1891.0,-0.7596065361453272,51.334998633718094
1645,57.824,718,373,374,162,828,162,496,1891.0,-0.7582680224252475,51.3349986337181
1646,88.111,437,322,273,325,927,325,596,1891.0,-0.7569295087051677,51.334998633718094
1647,55.341,380,302,305,382,872,336,627,1891.0,-0.7555909949850879,51.3349986337181
1648,34.74,201,195,140,463,618,307,463,1891.0,-0.7542524812650078,51.3349986337181
1649,19.475,37,57,244,324,480,364,324,1891.0,-0.752913967544928,51.33499863371811
1650,20.05,124,57,158,325,480,394,325,1891.0,-0.7515754538248481,51.3349986337181
1651,18.065,193,98,285,169,324,255,169,1891.0,-0.7502369401047684,51.3349986337181
1652,31.783,395,300,342,204,336,298,204,1891.0,-0.7488984263846882,51.334998633718094
1653,15.474,501,315,422,139,258,267,188,1891.0,-0.7475599126646086,51.33499863371811
1654,11.947,664,327,259,302,345,282,352,1891.0,-0.7462213989445288,51.33499863371811
1655,38.546,652,431,155,330,241,178,269,1891.0,-0.7448828852244487,51.3349986337181
1656,359.145,710,462,213,388,231,210,327,1891.0,-0.743544371504369,51.33499863371811
1657,15.28,629,457,131,306,135,52,246,1891.0,-0.7422058577842889,51.334998633718094
1658,36.734,768,596,271,446,275,131,385,1891.0,-0.7408673440642092,51.33499863371811
1659,23.734,887,740,433,608,418,203,548,1891.0,-0.7395288303441294,51.33499863371811
1660,29.918,648,651,477,652,409,114,592,1891.0,-0.7381903166240492,51.334998633718094
1661,29.058,521,653,565,740,496,241,679,1891.0,-0.7368518029039697,51.33499863371811
1662,43.674,584,429,826,1001,758,316,941,1891.0,-0.7355132891838898,51.334998633718094
1663,21.413,524,363,874,1049,806,250,989,1891.0,-0.7341747754638099,51.3349986337181
1664,38.708,1021,183,978,1296,1053,183,1236,1891.0,-0.7301592343035703,51.33499863371811
1665,29.027,1021,183,978,1296,1053,183,1236,1891.0,-0.7288207205834903,51.33499863371811
1666,29.838,1249,381,718,1495,1251,30,1434,1891.0,-0.7274822068634105,51.3349986337181
1667,26.253,1173,362,625,1476,1232,37,1415,1891.0,-0.7261436931433305,51.33499863371811
1668,16.719,1082,503,534,1617,1374,105,1557,1891.0,-0.7248051794232508,51.334998633718094
1669,34.847,1072,573,524,1687,1443,94,1626,1891.0,-0.7234666657031708,51.3349986337181
1670,17.13,887,656,337,1616,1527,66,1710,1891.0,-0.722128151983091,51.33499863371811
1671,1.607,763,775,277,1491,1472,193,1789,1891.0,-0.7207896382630111,51.3349986337181
1672,0.727,792,926,223,1521,1502,349,1712,1891.0,-0.7194511245429313,51.33499863371811
1673,8.372,856,988,292,1584,1565,418,1777,1891.0,-0.7181126108228514,51.334998633718094
1674,7.496,1145,869,985,847,832,744,869,1891.0,-0.7087430147822922,51.33499863371811
1675,34.202,1306,1030,1145,1008,993,815,1030,1891.0,-0.7074045010622124,51.33499863371811
1676,11.837,1256,980,1095,958,943,762,979,1891.0,-0.7060659873421326,51.334998633718094
1677,11.337,1268,993,1108,971,956,645,992,1891.0,-0.7047274736220527,51.33499863371811
1678,65.894,725,691,793,650,635,172,671,1891.0,-0.7033889599019728,51.33499863371811
1679,45.586,719,727,829,685,670,85,707,1891.0,-0.7020504461818928,51.334998633718094
1680,46.16,657,722,794,680,665,27,702,1891.0,-0.700711932461813,51.3349986337181
1681,43.194,759,858,906,816,801,17,821,1891.0,-0.699373418741733,51.334998633718094
1682,0.0,769,868,916,826,811,17,831,1891.0,-0.6980349050216532,51.3349986337181
1683,0.099,1381,575,509,682,703,581,1501,1891.0,-0.8024283038449582,51.33403365928774
1684,18.597,1471,408,342,515,536,413,1591,1891.0,-0.8010898079252837,51.33403365928774
1685,80.674,1358,295,229,402,423,301,1478,1891.0,-0.7997513120056091,51.33403365928775
1686,49.431,1346,283,99,315,337,289,1466,1891.0,-0.7984128160859344,51.33403365928774
1687,47.949,1359,289,23,337,263,207,1501,1891.0,-0.7970743201662597,51.33403365928774
1688,54.409,1170,95,200,213,172,0,1438,1891.0,-0.7957358242465852,51.33403365928775
1689,52.418,1243,11,173,118,146,76,1342,1891.0,-0.7943973283269103,51.33403365928774
1690,22.851,1206,80,264,28,32,220,1313,1891.0,-0.7930588324072357,51.33403365928775
1691,53.819,1163,116,318,75,83,287,1270,1891.0,-0.791720336487561,51.33403365928774
1692,43.773,1131,230,428,151,174,394,1219,1891.0,-0.7903818405678864,51.33403365928774
1693,52.473,911,398,604,379,373,276,964,1891.0,-0.7890433446482119,51.33403365928775
1694,47.121,891,524,731,506,499,255,943,1891.0,-0.7877048487285373,51.334033659287755
1695,43.131,697,586,793,568,561,172,749,1891.0,-0.7863663528088626,51.33403365928775
1696,26.325,531,611,972,450,487,6,583,1891.0,-0.7850278568891879,51.33403365928775
1697,104.136,591,632,1079,510,547,139,643,1891.0,-0.783689360969513,51.33403365928775
1698,74.652,498,507,1205,419,454,201,551,1891.0,-0.7823508650498384,51.33403365928775
1699,62.829,375,380,1130,324,331,308,427,1891.0,-0.7810123691301638,51.334033659287755
1700,7.841,791,682,1378,588,782,600,690,1891.0,-0.7796738732104891,51.33403365928774
1701,1.236,701,593,1289,122,122,185,601,1891.0,-0.7756583854514653,51.334033659287755
1702,8.139,692,584,1280,257,257,318,592,1891.0,-0.7743198895317905,51.33403365928774
1703,11.842,698,590,1286,308,308,347,571,1891.0,-0.7729813936121157,51.33403365928774
1704,24.009,764,659,1355,368,438,248,471,1891.0,-0.771642897692441,51.33403365928774
1705,8.152,802,656,1325,147,578,7,261,1891.0,-0.7703044017727666,51.334033659287755
1706,3.692,836,622,1288,122,622,23,225,1891.0,-0.7689659058530918,51.33403365928774
1707,8.624,930,508,1176,98,727,75,111,1891.0,-0.7676274099334173,51.334033659287755
1708,4.491,1040,400,1092,41,862,121,123,1891.0,-0.7662889140137426,51.334033659287755
1709,10.37,1150,279,971,143,967,165,178,1891.0,-0.7649504180940677,51.33403365928775
1710,13.262,1184,200,892,390,1140,412,425,1891.0,-0.7636119221743933,51.33403365928775
1711,13.1,992,47,736,330,983,225,419,1891.0,-0.7622734262547185,51.33403365928774
1712,76.548,792,329,584,47,913,47,480,1891.0,-0.7609349303350438,51.33403365928774
1713,58.469,811,290,469,120,745,79,414,1891.0,-0.7595964344153691,51.33403365928775
1714,72.864,718,373,374,162,828,162,496,1891.0,-0.7582579384956945,51.33403365928774
1715,107.845,622,512,279,301,729,244,398,1891.0,-0.7569194425760198,51.33403365928775
1716,75.648,514,424,171,365,825,353,493,1891.0,-0.7555809466563452,51.33403365928774
1717,40.84,317,311,24,579,722,407,428,1891.0,-0.7542424507366706,51.33403365928775
1718,39.985,402,396,60,664,796,476,465,1891.0,-0.7529039548169959,51.33403365928775
1719,30.331,295,199,0,467,622,553,467,1891.0,-0.7515654588973213,51.33403365928775
1720,17.187,385,290,133,412,544,506,412,1891.0,-0.7502269629776465,51.33403365928774
1721,16.727,729,87,498,367,463,495,417,1891.0,-0.748888467057972,51.33403365928775
1722,45.628,637,180,406,274,382,402,324,1891.0,-0.7475499711382972,51.33403365928775
1723,32.963,619,226,388,256,296,384,306,1891.0,-0.7462114752186227,51.33403365928775
1724,22.082,868,239,371,546,4,291,485,1891.0,-0.7448729792989481,51.33403365928774
1725,17.301,742,360,245,420,130,165,359,1891.0,-0.7435344833792733,51.33403365928774
1726,19.951,905,412,407,582,183,328,522,1891.0,-0.7421959874595987,51.33403365928775
1727,23.241,887,740,433,608,418,203,548,1891.0,-0.7395189956202493,51.33403365928774
1728,17.709,1025,877,571,746,556,341,685,1891.0,-0.7381804997005748,51.33403365928775
1729,16.2,521,653,565,740,496,241,679,1891.0,-0.7368420037809001,51.33403365928774
1730,29.906,413,531,700,875,632,377,814,1891.0,-0.7355035078612254,51.33403365928775
1731,25.042,518,359,868,1043,800,256,983,1891.0,-0.7341650119415508,51.33403365928774
1732,26.127,585,283,935,1110,867,283,1049,1891.0,-0.732826516021876,51.33403365928774
1733,18.651,1159,321,1073,1434,1191,321,1374,1891.0,-0.7314880201022014,51.33403365928775
1734,22.604,1082,244,996,1357,1114,244,1297,1891.0,-0.7301495241825268,51.33403365928774
1735,12.228,1184,346,894,1459,1216,207,1399,1891.0,-0.728811028262852,51.33403365928774
1736,25.895,1258,419,903,1533,1290,215,1472,1891.0,-0.7274725323431774,51.33403365928775
1737,33.172,1386,518,855,1631,1388,167,1571,1891.0,-0.7261340364235028,51.33403365928775
1738,30.755,1159,740,611,1854,1610,181,1793,1891.0,-0.7247955405038283,51.33403365928775
1739,22.88,908,627,360,1636,1498,68,1680,1891.0,-0.7234570445841535,51.33403365928774
1740,1.412,879,659,328,1607,1529,66,1712,1891.0,-0.7221185486644788,51.33403365928774
1741,11.363,652,927,191,1381,1362,253,1749,1891.0,-0.7207800527448043,51.33403365928775
1742,1.454,700,902,85,1428,1409,211,1643,1891.0,-0.7194415568251296,51.33403365928774
1743,26.947,1146,1344,360,1322,1307,657,1344,1891.0,-0.7181030609054548,51.334033659287755
1744,12.286,1091,1252,306,1230,1215,602,1251,1891.0,-0.7167645649857802,51.33403365928775
1745,21.72,1295,1019,538,997,982,835,1018,1891.0,-0.7140875731464307,51.334033659287755
1746,12.062,1213,938,620,916,900,812,937,1891.0,-0.7127490772267562,51.334033659287755
1747,28.507,1145,869,985,847,832,744,869,1891.0,-0.7087335894677321,51.33403365928774
1748,12.437,1030,755,870,732,717,629,754,1891.0,-0.7073950935480575,51.33403365928774
1749,24.535,1136,860,975,838,823,734,860,1891.0,-0.7060565976283828,51.33403365928774
1750,33.782,773,651,760,619,604,274,640,1891.0,-0.7047181017087082,51.334033659287755
1751,51.948,701,589,691,547,532,195,568,1891.0,-0.7033796057890335,51.33403365928774
1752,71.278,632,598,699,556,541,121,577,1891.0,-0.7020411098693589,51.33403365928775
1753,24.315,560,665,687,602,602,96,602,1891.0,-0.7007026139496842,51.33403365928774
1754,66.284,533,687,689,604,619,208,604,1891.0,-0.6993641180300095,51.334033659287755
1755,8.748,613,784,786,701,716,160,701,1891.0,-0.698025622110335,51.33403365928774
1756,0.0,615,786,788,704,718,159,704,1891.0,-0.6966871261906602,51.33403365928775
1757,5.789,1408,617,552,724,746,623,1528,1891.0,-0.8024176331052404,51.33306869233525
1758,12.933,1432,524,458,631,652,530,1552,1891.0,-0.8010791549849646,51.33306869233526
1759,51.941,1459,396,331,503,525,402,1579,1891.0,-0.7997406768646891,51.33306869233527
1760,33.552,1387,324,140,356,378,330,1508,1891.0,-0.7984021987444134,51.33306869233526
1761,27.306,1269,150,35,201,230,161,1357,1891.0,-0.795725242503862,51.33306869233527
1762,15.41,1221,33,142,84,113,109,1309,1891.0,-0.7943867643835865,51.33306869233526
1763,32.321,1253,220,418,0,164,387,1360,1891.0,-0.7930482862633108,51.33306869233526
1764,38.728,1238,245,443,54,189,373,1345,1891.0,-0.7917098081430353,51.33306869233526
1765,46.483,1130,244,442,165,188,380,1218,1891.0,-0.7903713300227595,51.33306869233526
1766,48.144,967,393,591,314,337,276,1055,1891.0,-0.7890328519024842,51.33306869233527
1767,61.231,1004,491,688,411,434,368,1056,1891.0,-0.7876943737822083,51.33306869233526
1768,49.935,1025,556,754,477,500,389,1077,1891.0,-0.7863558956619324,51.333068692335246
1769,27.75,488,568,1013,408,444,6,541,1891.0,-0.7850174175416571,51.33306869233527
1770,20.79,440,520,1062,359,396,54,492,1891.0,-0.7836789394213814,51.33306869233526
1771,36.943,309,389,1089,228,265,173,361,1891.0,-0.7823404613011058,51.33306869233526
1772,56.639,375,380,1130,324,331,308,427,1891.0,-0.78100198318083,51.33306869233527
1773,83.516,308,312,1062,279,264,244,360,1891.0,-0.7796635050605546,51.33306869233526
1774,39.404,562,453,1149,359,553,371,461,1891.0,-0.7769865488200032,51.33306869233526
1775,0.069,532,423,1119,329,347,341,431,1891.0,-0.7756480706997275,51.33306869233526
1776,6.087,564,456,1152,258,258,308,464,1891.0,-0.774309592579452,51.33306869233527
1777,15.833,579,484,1166,339,362,273,479,1891.0,-0.7729711144591762,51.33306869233526
1778,7.859,642,547,1228,315,473,202,432,1891.0,-0.7716326363389006,51.33306869233526
1779,7.102,741,626,1313,211,604,107,334,1891.0,-0.7702941582186249,51.33306869233526
1780,6.631,893,557,1249,75,699,80,247,1891.0,-0.7689556800983494,51.33306869233526
1781,6.679,1023,508,1200,450,962,472,485,1891.0,-0.7676172019780739,51.33306869233527
1782,3.86,1067,300,992,353,1006,375,388,1891.0,-0.7662787238577984,51.33306869233526
1783,9.287,1170,187,879,242,1065,264,277,1891.0,-0.7649402457375225,51.33306869233525
1784,12.575,1152,168,860,313,1083,318,348,1891.0,-0.763601767617247,51.33306869233527
1785,49.84,1056,132,764,394,875,224,522,1891.0,-0.7622632894969714,51.33306869233527
1786,126.022,1056,132,764,394,875,224,522,1891.0,-0.7609248113766957,51.33306869233526
1787,56.787,899,298,611,274,709,59,378,1891.0,-0.75958633325642,51.33306869233527
1788,104.933,842,342,532,213,652,5,321,1891.0,-0.7582478551361443,51.33306869233526
1789,69.393,645,535,301,324,707,222,376,1891.0,-0.7569093770158687,51.33306869233527
1790,36.799,440,434,17,554,636,316,305,1891.0,-0.7555708988955931,51.33306869233526
1791,40.029,432,426,8,545,645,325,314,1891.0,-0.7542324207753173,51.33306869233526
1792,33.837,470,464,128,732,864,544,532,1891.0,-0.7528939426550418,51.33306869233527
1793,13.771,328,233,77,469,601,563,469,1891.0,-0.7515554645347663,51.33306869233525
1794,16.383,385,290,133,412,544,506,412,1891.0,-0.7502169864144906,51.33306869233526
1795,49.947,790,27,559,427,523,555,477,1891.0,-0.748878508294215,51.33306869233527
1796,33.343,722,95,491,359,455,487,409,1891.0,-0.7475400301739394,51.33306869233526
1797,21.158,775,99,505,412,140,426,462,1891.0,-0.7462015520536639,51.33306869233527
1798,24.436,861,186,419,499,53,339,530,1891.0,-0.7448630739333881,51.33306869233526
1799,19.605,967,352,585,665,219,505,699,1891.0,-0.7435245958131126,51.33306869233525
1800,13.037,925,412,428,603,183,349,543,1891.0,-0.7421861176928368,51.33306869233527
1801,12.814,1139,991,685,860,670,455,800,1891.0,-0.7395091614522854,51.33306869233525
1802,11.608,1061,913,607,782,592,377,721,1891.0,-0.73817068333201,51.33306869233527
1803,7.729,399,531,686,861,618,363,800,1891.0,-0.7368322052117343,51.33306869233526
1804,17.451,346,534,752,927,684,429,867,1891.0,-0.7354937270914587,51.33306869233527
1805,21.316,497,492,927,1102,859,439,1042,1891.0,-0.734155248971183,51.33306869233526
1806,33.136,676,374,1026,1201,958,374,1141,1891.0,-0.7328167708509075,51.33306869233526
1807,14.575,1166,328,1080,1442,1198,328,1381,1891.0,-0.7314782927306318,51.33306869233527
1808,26.294,1377,539,1022,1653,1409,335,1592,1891.0,-0.7288013364900805,51.33306869233526
1809,19.6,1335,497,903,1610,1367,292,1550,1891.0,-0.727462858369805,51.33306869233527
1810,22.893,1210,737,662,1851,1608,233,1791,1891.0,-0.7261243802495293,51.33306869233526
1811,18.312,1184,739,637,1852,1609,207,1792,1891.0,-0.7247859021292536,51.33306869233527
1812,3.704,95,1440,689,1165,1146,751,2247,1891.0,-0.7234474240089781,51.33306869233526
1813,55.562,21,1514,763,1239,1220,825,2321,1891.0,-0.7221089458887024,51.33306869233526
1814,13.025,439,1265,396,1391,1372,575,1954,1891.0,-0.7207704677684269,51.33306869233527
1815,15.538,835,1038,49,1486,1471,346,1507,1891.0,-0.7194319896481511,51.33306869233526
1816,33.544,981,1184,196,1371,1356,492,1393,1891.0,-0.7180935115278755,51.33306869233525
1817,17.094,1051,1254,266,1356,1341,562,1378,1891.0,-0.7167550334075998,51.33306869233525
1818,14.452,1413,1137,657,1115,1100,953,1137,1891.0,-0.7154165552873243,51.33306869233525
1819,24.515,1416,1141,660,1119,1104,957,1140,1891.0,-0.7140780771670486,51.33306869233526
1820,18.855,1202,926,631,904,889,801,926,1891.0,-0.7127395990467731,51.33306869233527
1821,12.327,1234,958,1074,936,921,833,958,1891.0,-0.7100626428062218,51.33306869233527
1822,28.692,891,616,731,594,579,490,615,1891.0,-0.7087241646859461,51.33306869233526
1823,30.444,1003,727,843,705,690,602,727,1891.0,-0.7073856865656706,51.33306869233527
1824,46.884,1275,1000,1115,978,963,874,999,1891.0,-0.7060472084453948,51.33306869233527
1825,45.189,735,485,600,463,448,235,484,1891.0,-0.7047087303251194,51.33306869233526
1826,119.77,643,499,600,457,442,183,478,1891.0,-0.7033702522048435,51.33306869233526
1827,90.41,570,532,566,466,473,189,481,1891.0,-0.702031774084568,51.33306869233527
1828,35.793,475,598,600,515,530,170,515,1891.0,-0.7006932959642923,51.33306869233526
1829,39.559,449,603,605,520,535,273,520,1891.0,-0.6993548178440168,51.33306869233526
1830,49.713,602,773,775,690,705,156,690,1891.0,-0.6980163397237412,51.33306869233526
1831,0.0,615,786,788,704,718,159,704,1891.0,-0.6966778616034656,51.33306869233526
1832,0.0,1527,702,608,809,831,708,1647,1891.0,-0.8024069629686794,51.332103732860276
1833,0.0,1523,591,434,659,687,597,1633,1891.0,-0.8010685026467965,51.33210373286027
1834,1.155,1523,591,434,659,687,597,1633,1891.0,-0.7997300423249141,51.332103732860276
1835,1.106,1314,376,202,427,456,367,1402,1891.0,-0.7983915820030313,51.332103732860276
1836,7.864,1314,376,202,427,456,367,1402,1891.0,-0.7970531216811485,51.33210373286027
1837,18.262,1227,352,178,403,432,280,1315,1891.0,-0.7957146613592658,51.33210373286027
1838,29.023,1133,445,272,497,526,186,1221,1891.0,-0.7943762010373832,51.332103732860276
1839,30.497,1020,234,271,280,309,18,1108,1891.0,-0.7930377407155006,51.33210373286027
1840,32.011,1061,327,524,247,270,298,1149,1891.0,-0.7916992803936176,51.33210373286027
1841,49.222,976,426,545,346,369,199,1064,1891.0,-0.7903608200717349,51.332103732860254
1842,48.885,882,492,640,413,436,173,970,1891.0,-0.7890223597498522,51.33210373286027
1843,57.28,967,393,591,314,337,276,1055,1891.0,-0.7876838994279698,51.33210373286027
1844,42.573,708,788,887,361,664,226,761,1891.0,-0.7863454391060869,51.332103732860276
1845,26.843,513,593,1148,432,469,140,565,1891.0,-0.7836685184623216,51.33210373286027
1846,43.463,289,369,1070,208,245,193,341,1891.0,-0.7823300581404388,51.332103732860276
1847,36.23,201,281,981,120,157,137,253,1891.0,-0.7809915978185561,51.33210373286027
1848,100.581,179,184,933,151,135,116,231,1891.0,-0.7796531374966732,51.33210373286027
1849,16.083,217,61,811,75,185,9,117,1891.0,-0.7783146771747906,51.33210373286027
1850,27.185,363,239,957,145,339,157,263,1891.0,-0.7769762168529079,51.332103732860276
1851,9.033,355,250,946,156,346,168,255,1891.0,-0.7756377565310252,51.332103732860276
1852,0.705,417,317,1001,223,406,235,317,1891.0,-0.7742992962091426,51.33210373286027
1853,4.249,508,413,1094,319,434,299,408,1891.0,-0.77296083588726,51.332103732860276
1854,9.835,687,592,1273,380,565,273,498,1891.0,-0.7716223755653772,51.332103732860254
1855,5.324,777,678,1359,457,656,363,589,1891.0,-0.7702839152434944,51.33210373286027
1856,8.673,869,583,1275,337,776,325,510,1891.0,-0.7689454549216118,51.332103732860276
1857,5.234,999,404,1096,443,939,453,492,1891.0,-0.7676069945997291,51.33210373286027
1858,10.213,1075,363,1055,416,1014,438,451,1891.0,-0.7662685342778462,51.332103732860276
1859,11.113,1244,260,952,326,1150,348,361,1891.0,-0.7649300739559637,51.332103732860276
1860,14.332,1276,292,984,358,1182,380,393,1891.0,-0.7635916136340811,51.33210373286027
1861,11.695,1060,321,814,564,870,290,538,1891.0,-0.7622531533121985,51.332103732860276
1862,48.126,979,291,734,508,789,209,458,1891.0,-0.7609146929903157,51.332103732860276
1863,53.586,894,357,649,423,704,125,373,1891.0,-0.7595762326684328,51.33210373286027
1864,59.248,723,461,475,331,533,48,202,1891.0,-0.7582377723465502,51.33210373286027
1865,73.042,696,488,466,358,506,75,175,1891.0,-0.7568993120246674,51.332103732860276
1866,42.294,508,502,84,621,568,249,237,1891.0,-0.7555608517027848,51.332103732860276
1867,38.333,508,502,84,621,568,249,237,1891.0,-0.7542223913809021,51.33210373286027
1868,61.923,885,879,462,872,700,380,369,1891.0,-0.7528839310590193,51.33210373286027
1869,41.695,427,332,175,567,699,661,567,1891.0,-0.7515454707371365,51.332103732860254
1870,43.851,942,277,728,628,362,562,678,1891.0,-0.7488685500933713,51.33210373286027
1871,32.986,869,205,655,551,290,490,600,1891.0,-0.7475300897714885,51.332103732860276
1872,57.479,849,25,580,486,214,500,536,1891.0,-0.7461916294496058,51.33210373286027
1873,43.069,874,0,605,512,239,525,561,1891.0,-0.7448531691277231,51.33210373286027
1874,37.488,967,352,585,665,219,505,699,1891.0,-0.7435147088058404,51.332103732860276
1875,10.018,786,533,766,846,401,687,881,1891.0,-0.740837788162075,51.33210373286027
1876,12.834,644,675,908,988,543,745,1023,1891.0,-0.7394993278401922,51.332103732860276
1877,23.533,644,675,908,988,543,745,1023,1891.0,-0.7381608675183097,51.33210373286027
1878,5.176,143,800,1018,1193,950,695,1133,1891.0,-0.7354839468745442,51.33210373286027
1879,9.895,149,726,944,1119,876,621,1059,1891.0,-0.7341454865526615,51.33210373286027
1880,32.226,803,501,1153,1328,1085,501,1268,1891.0,-0.7328070262307789,51.332103732860276
1881,14.442,816,514,1166,1341,1098,514,1281,1891.0,-0.7314685659088961,51.33210373286027
1882,13.04,1482,643,1127,1757,1514,439,1697,1891.0,-0.7301301055870135,51.332103732860276
1883,22.65,1428,590,1074,1704,1460,386,1643,1891.0,-0.7287916452651307,51.332103732860276
1884,21.406,1377,539,1022,1653,1409,335,1592,1891.0,-0.7274531849432482,51.332103732860276
1885,13.399,1317,630,769,1744,1501,340,1684,1891.0,-0.7261147246213653,51.332103732860276
1886,14.35,294,1297,547,966,947,609,2105,1891.0,-0.7247762642994826,51.33210373286027
1887,11.048,255,1280,530,1033,1014,591,2087,1891.0,-0.7234378039775999,51.332103732860276
1888,7.408,0,1535,785,1260,1241,847,2343,1891.0,-0.7220993436557173,51.33210373286027
1889,18.994,1053,1256,268,1504,1489,564,1525,1891.0,-0.7194224230119519,51.332103732860276
1890,14.972,1156,1275,370,1310,1316,667,1353,1891.0,-0.7180839626900691,51.332103732860254
1891,11.96,1105,1218,320,1253,1260,617,1296,1891.0,-0.7167455023681863,51.33210373286027
1892,12.901,1132,1169,346,1204,1210,643,1247,1891.0,-0.7154070420463038,51.332103732860276
1893,20.448,1271,1308,485,1343,1349,782,1386,1891.0,-0.7140685817244211,51.33210373286027
1894,8.729,1423,1101,638,1135,1142,935,1178,1891.0,-0.7127301214025384,51.33210373286027
1895,13.907,1061,786,806,764,749,660,785,1891.0,-0.7100532007587729,51.33210373286027
1896,34.754,1106,830,873,808,793,704,829,1891.0,-0.7087147404368903,51.332103732860276
1897,49.317,726,450,566,428,413,325,450,1891.0,-0.7073762801150074,51.332103732860276
1898,44.754,763,488,603,466,451,268,487,1891.0,-0.7060378197931249,51.33210373286027
1899,53.449,639,375,490,351,336,114,373,1891.0,-0.7046993594712422,51.33210373286027
1900,50.362,583,363,464,321,306,47,342,1891.0,-0.7033608991493593,51.332103732860254
1901,66.444,455,444,465,379,380,159,380,1891.0,-0.7020224388274767,51.33210373286027
1902,52.258,430,439,441,357,371,209,357,1891.0,-0.7006839785055939,51.33210373286027
1903,46.108,316,475,477,392,407,218,392,1891.0,-0.6993455181837114,51.33210373286027
1904,69.912,384,546,548,464,478,49,464,1891.0,-0.6980070578618287,51.33210373286027
1905,0.032,456,627,629,544,559,0,544,1891.0,-0.6966685975399459,51.33210373286027
1906,0.0,1657,719,545,770,799,710,1745,1891.0,-0.8023962934352262,51.33113878086243
1907,0.0,1657,719,545,770,799,710,1745,1891.0,-0.8010578509107302,51.33113878086243
1908,0.0,1314,376,202,427,456,367,1402,1891.0,-0.7983809658617388,51.33113878086242
1909,0.037,1263,341,167,392,421,317,1351,1891.0,-0.7970425233372431,51.331138780862425
1910,28.536,1133,445,272,497,526,186,1221,1891.0,-0.7957040808127471,51.331138780862425
1911,45.291,1133,445,272,497,526,186,1221,1891.0,-0.7943656382882516,51.331138780862425
1912,30.581,1024,468,409,514,543,78,1112,1891.0,-0.7930271957637557,51.33113878086244
1913,17.482,905,369,407,416,441,61,993,1891.0,-0.7916887532392599,51.33113878086244
1914,27.59,842,491,528,422,519,61,930,1891.0,-0.7903503107147639,51.33113878086242
1915,25.595,847,519,630,424,463,142,935,1891.0,-0.7890118681902683,51.33113878086244
1916,59.638,763,597,649,340,541,127,851,1891.0,-0.7876734256657725,51.33113878086242
1917,73.181,760,784,835,412,716,277,812,1891.0,-0.7863349831412766,51.33113878086242
1918,20.723,658,787,984,235,664,288,746,1891.0,-0.7849965406167809,51.33113878086242
1919,43.746,390,469,1170,309,346,229,442,1891.0,-0.7836580980922851,51.331138780862425
1920,50.328,212,291,992,121,168,148,264,1891.0,-0.7823196555677892,51.33113878086243
1921,55.534,150,230,930,77,106,86,202,1891.0,-0.7809812130432934,51.331138780862425
1922,41.021,56,139,834,22,32,18,108,1891.0,-0.7796427705187977,51.33113878086243
1923,44.399,115,55,749,30,113,31,37,1891.0,-0.7783043279943018,51.331138780862425
1924,15.678,235,142,828,52,222,82,135,1891.0,-0.7769658854698062,51.33113878086242
1925,2.123,313,219,900,129,317,144,213,1891.0,-0.7756274429453104,51.33113878086243
1926,4.418,413,349,995,292,426,304,312,1891.0,-0.7742890004208146,51.33113878086244
1927,1.846,556,466,1138,372,560,384,456,1891.0,-0.7729505578963188,51.33113878086242
1928,4.286,631,537,1213,443,631,455,530,1891.0,-0.7716121153718231,51.331138780862425
1929,9.886,735,634,1318,420,698,405,593,1891.0,-0.770273672847327,51.33113878086242
1930,4.345,836,585,1277,364,803,352,537,1891.0,-0.7689352303228313,51.33113878086242
1931,7.374,1016,602,1256,489,955,476,662,1891.0,-0.7675967877983356,51.33113878086244
1932,11.156,1150,622,1115,623,1090,591,796,1891.0,-0.7662583452738398,51.33113878086242
1933,30.203,1184,478,972,721,1027,448,696,1891.0,-0.764919902749344,51.33113878086242
1934,31.339,1154,461,951,704,1007,427,675,1891.0,-0.7635814602248483,51.33113878086244
1935,34.958,1096,379,857,622,907,332,575,1891.0,-0.7622430177003525,51.33113878086244
1936,46.89,923,394,748,624,733,325,425,1891.0,-0.7609045751758566,51.33113878086242
1937,34.081,1008,444,833,674,818,375,510,1891.0,-0.7595661326513606,51.33113878086242
1938,99.909,712,555,482,498,522,172,191,1891.0,-0.7582276901268652,51.331138780862425
1939,44.704,565,623,336,493,375,38,44,1891.0,-0.7568892476023693,51.331138780862425
1940,30.995,631,625,207,617,446,126,114,1891.0,-0.7555508050778735,51.33113878086243
1941,54.468,748,742,325,735,563,243,232,1891.0,-0.7542123625533776,51.33113878086243
1942,80.467,864,858,440,850,679,359,347,1891.0,-0.7528739200288819,51.331138780862425
1943,23.29,885,879,462,872,700,380,369,1891.0,-0.7515354775043861,51.33113878086243
1944,42.343,762,234,821,689,579,429,676,1891.0,-0.7501970349798902,51.331138780862425
1945,35.013,867,351,801,705,436,487,755,1891.0,-0.7488585924553945,51.33113878086242
1946,53.294,789,263,713,620,348,409,670,1891.0,-0.7475201499308987,51.33113878086242
1947,17.269,872,346,796,703,431,492,753,1891.0,-0.7461817074064029,51.33113878086242
1948,33.394,1107,581,1032,938,666,727,988,1891.0,-0.7448432648819072,51.33113878086242
1949,43.984,1153,627,1078,985,713,774,1035,1891.0,-0.7435048223574112,51.33113878086242
1950,27.11,1176,500,770,813,404,690,863,1891.0,-0.7421663798329154,51.33113878086244
1951,18.583,786,533,766,846,401,687,881,1891.0,-0.7408279373084197,51.33113878086242
1952,16.78,1043,745,997,1058,631,875,1100,1891.0,-0.7394894947839238,51.33113878086242
1953,4.058,644,675,908,988,543,745,1023,1891.0,-0.7381510522594282,51.33113878086244
1954,3.448,99,844,1062,1237,994,739,1177,1891.0,-0.7354741672104366,51.33113878086242
1955,22.16,89,778,996,1171,928,673,1111,1891.0,-0.734135724685941,51.331138780862425
1956,11.395,1586,747,1231,1861,1618,543,1800,1891.0,-0.7301203971124535,51.33113878086243
1957,20.025,1529,843,981,1956,1713,552,1896,1891.0,-0.7287819545879576,51.33113878086243
1958,19.016,1455,768,907,1882,1639,478,1821,1891.0,-0.7274435120634618,51.331138780862425
1959,22.322,447,1451,701,812,793,762,2249,1891.0,-0.7261050695389661,51.33113878086243
1960,20.035,333,1336,586,927,908,647,2143,1891.0,-0.7247666270144704,51.33113878086244
1961,35.769,291,1295,544,992,973,606,2102,1891.0,-0.7234281844899746,51.33113878086243
1962,2.126,467,1471,721,1091,1072,782,2278,1891.0,-0.7220897419654789,51.331138780862425
1963,5.706,1053,1256,268,1504,1489,564,1525,1891.0,-0.7194128569164872,51.33113878086242
1964,13.176,1156,1275,370,1310,1316,667,1353,1891.0,-0.7180744143919914,51.33113878086244
1965,29.517,1132,1169,346,1204,1210,643,1247,1891.0,-0.7167359718674955,51.33113878086244
1966,20.722,1243,1071,458,1106,1112,754,1149,1891.0,-0.7153975293429997,51.33113878086242
1967,20.875,1312,989,526,1024,1030,823,1067,1891.0,-0.7140590868185039,51.331138780862425
1968,8.105,1423,1101,638,1135,1142,935,1178,1891.0,-0.712720644294008,51.33113878086242
1969,4.249,1276,1000,972,978,963,875,1000,1891.0,-0.7113822017695125,51.33113878086242
1970,28.517,1090,815,797,793,778,689,814,1891.0,-0.7100437592450165,51.33113878086242
1971,82.143,1248,973,944,951,935,847,972,1891.0,-0.7087053167205208,51.331138780862425
1972,38.898,715,439,555,417,402,314,439,1891.0,-0.7073668741960248,51.33113878086242
1973,77.029,635,359,474,337,322,233,359,1891.0,-0.7060284316715292,51.33113878086244
1974,85.647,599,324,439,302,286,171,323,1891.0,-0.7046899891470335,51.33113878086243
1975,80.765,521,252,368,230,215,107,252,1891.0,-0.7033515466225377,51.33113878086242
1976,84.839,386,270,280,195,210,157,195,1891.0,-0.7020131040980417,51.331138780862425
1977,61.566,271,323,325,240,255,201,240,1891.0,-0.7006746615735462,51.33113878086243
1978,26.32,216,363,365,280,295,150,280,1891.0,-0.6993362190490504,51.33113878086244
1979,55.253,339,506,508,424,438,9,424,1891.0,-0.6979977765245545,51.331138780862425
1980,1.785,316,487,489,404,419,223,404,1891.0,-0.6966593340000586,51.33113878086242
1981,0.0,1657,719,545,770,799,710,1745,1891.0,-0.8023856245048313,51.330173836341366
1982,0.0,1595,657,483,708,737,648,1683,1891.0,-0.8010471997767167,51.33017383634137
1983,0.0,1557,619,445,670,699,611,1645,1891.0,-0.7997087750486017,51.33017383634138
1984,0.0,1474,535,362,587,616,527,1562,1891.0,-0.798370350320487,51.33017383634137
1985,71.899,1163,607,520,653,682,217,1251,1891.0,-0.7930166514080276,51.33017383634136
1986,88.478,890,364,402,410,439,56,978,1891.0,-0.7916782266799128,51.33017383634137
1987,44.788,775,479,516,355,554,0,863,1891.0,-0.7903398019517979,51.33017383634137
1988,1.626,677,580,618,255,627,87,765,1891.0,-0.7890013772236835,51.33017383634138
1989,9.076,618,643,681,198,624,100,706,1891.0,-0.7876629524955684,51.33017383634137
1990,6.63,472,601,835,52,478,128,560,1891.0,-0.7863245277674535,51.33017383634137
1991,20.931,391,520,908,32,397,47,479,1891.0,-0.7849861030393388,51.33017383634137
1992,35.751,344,473,948,79,350,0,432,1891.0,-0.7836476783112238,51.33017383634137
1993,52.967,212,341,928,44,218,81,300,1891.0,-0.7823092535831091,51.33017383634137
1994,32.616,145,279,936,51,156,99,237,1891.0,-0.7809708288549942,51.33017383634136
1995,40.399,11,159,816,22,56,35,103,1891.0,-0.7796324041268797,51.33017383634137
1996,35.402,59,199,856,0,105,87,144,1891.0,-0.7782939793987648,51.33017383634137
1997,55.458,248,185,578,171,262,33,148,1891.0,-0.7769555546706498,51.330173836341366
1998,32.272,279,215,676,201,292,132,178,1891.0,-0.7756171299425352,51.33017383634137
1999,4.795,637,574,1220,500,651,512,537,1891.0,-0.7742787052144201,51.33017383634136
2000,8.768,598,512,1181,418,606,430,498,1891.0,-0.7729402804863055,51.33017383634137
2001,3.509,646,552,1228,459,647,471,545,1891.0,-0.7716018557581906,51.33017383634137
2002,5.307,766,672,1348,550,767,550,665,1891.0,-0.7702634310300758,51.33017383634136
2003,11.435,1246,833,1342,719,1185,707,892,1891.0,-0.7689250063019611,51.33017383634137
2004,9.07,1084,671,1181,557,1024,545,731,1891.0,-0.7675865815738462,51.33017383634138
2005,16.088,1133,720,1230,606,1073,594,780,1891.0,-0.7662481568457314,51.33017383634137
2006,23.118,1233,820,1329,706,1172,694,879,1891.0,-0.7649097321176166,51.33017383634137
2007,16.332,1067,690,1178,933,1075,654,902,1891.0,-0.7635713073895016,51.33017383634138
2008,26.952,996,500,851,743,836,459,528,1891.0,-0.7622328826613869,51.330173836341366
2009,23.19,950,546,774,789,760,440,451,1891.0,-0.760894457933272,51.330173836341366
2010,107.506,755,527,580,746,565,246,257,1891.0,-0.7595560332051573,51.33017383634138
2011,92.312,660,622,485,691,470,150,162,1891.0,-0.7582176084770424,51.33017383634137
2012,62.988,517,675,344,548,327,11,22,1891.0,-0.7568791837489277,51.33017383634136
2013,40.251,535,731,409,621,345,75,86,1891.0,-0.7555407590208129,51.33017383634137
2014,53.349,809,803,386,795,624,304,292,1891.0,-0.7542023342926981,51.33017383634137
2015,41.921,833,827,409,819,648,328,316,1891.0,-0.7528639095645833,51.33017383634137
2016,62.339,624,326,872,781,434,344,530,1891.0,-0.7515254848364684,51.33017383634137
2017,23.077,745,298,884,753,567,365,740,1891.0,-0.7501870601083536,51.33017383634137
2018,31.267,679,364,805,752,480,299,732,1891.0,-0.7488486353802386,51.33017383634136
2019,34.767,710,341,792,699,427,330,749,1891.0,-0.7475102106521239,51.330173836341366
2020,49.977,872,346,796,703,431,492,753,1891.0,-0.7461717859240091,51.33017383634137
2021,49.908,1017,491,942,849,577,638,898,1891.0,-0.7448333611958946,51.33017383634137
2022,28.591,1058,532,983,890,617,679,939,1891.0,-0.7434949364677796,51.33017383634137
2023,57.594,1247,571,841,885,475,761,934,1891.0,-0.7421565117396646,51.33017383634136
2024,26.106,1311,685,955,998,589,875,1048,1891.0,-0.7408180870115499,51.33017383634137
2025,19.162,1416,790,1059,1103,694,980,1153,1891.0,-0.7394796622834352,51.33017383634137
2026,5.034,0,868,1086,1261,1017,762,1200,1891.0,-0.7341259633709759,51.33017383634137
2027,18.883,1529,843,981,1956,1713,552,1896,1891.0,-0.7287722644585165,51.330173836341366
2028,20.84,614,1618,868,645,626,929,2082,1891.0,-0.7274338397304018,51.33017383634137
2029,17.297,484,1488,737,776,757,799,2212,1891.0,-0.726095415002287,51.33017383634137
2030,19.713,880,1884,1133,1092,829,1195,2526,1891.0,-0.7247569902741721,51.33017383634136
2031,12.723,674,1677,927,1091,951,989,2402,1891.0,-0.7234185655460574,51.33017383634137
2032,5.685,467,1471,721,1091,1072,782,2278,1891.0,-0.7220801408179427,51.33017383634137
2033,12.015,1293,1135,508,1170,1176,805,1213,1891.0,-0.7167264419054832,51.33017383634138
2034,20.339,1309,1104,524,1139,1145,821,1182,1891.0,-0.7153880171773684,51.33017383634137
2035,3.472,1312,989,526,1024,1030,823,1067,1891.0,-0.7140495924492536,51.33017383634137
2036,2.596,1193,839,599,874,880,755,917,1891.0,-0.7127111677211388,51.33017383634138
2037,15.392,1155,801,630,836,843,718,879,1891.0,-0.711372742993024,51.33017383634137
2038,33.43,1212,937,908,915,900,811,936,1891.0,-0.7100343182649091,51.33017383634136
2039,34.699,1295,1020,991,997,982,894,1019,1891.0,-0.7086958935367944,51.33017383634137
2040,31.091,1381,1106,1077,1084,1069,980,1105,1891.0,-0.7073574688086796,51.33017383634137
2041,30.904,576,301,416,279,264,203,300,1891.0,-0.7060190440805647,51.33017383634136
2042,70.645,520,245,360,223,208,208,244,1891.0,-0.7046806193524499,51.33017383634137
2043,55.927,433,152,267,135,120,120,156,1891.0,-0.7033421946243349,51.330173836341366
2044,63.943,340,112,173,29,26,33,48,1891.0,-0.7020037698962204,51.33017383634138
2045,47.823,263,160,162,77,92,92,77,1891.0,-0.7006653451681054,51.33017383634137
2046,13.542,124,275,277,192,207,207,192,1891.0,-0.6993269204399907,51.33017383634138
2047,7.499,162,333,335,250,265,176,250,1891.0,-0.6979884957118758,51.33017383634137
2048,1.126,272,443,445,360,375,196,360,1891.0,-0.6966500709837607,51.330173836341366
2049,0.25,705,733,771,291,711,21,793,1891.0,-0.7889908868500487,51.32920889929674
2050,5.217,575,695,746,171,581,145,663,1891.0,-0.7876524799173088,51.32920889929673
2051,30.82,537,689,821,228,635,131,709,1891.0,-0.786314072984569,51.32920889929673
2052,61.032,422,590,834,353,619,22,670,1891.0,-0.7849756660518296,51.32920889929673
2053,85.067,327,470,773,194,355,121,421,1891.0,-0.7822988521863501,51.329208899296745
2054,45.789,241,396,676,257,290,89,341,1891.0,-0.7809604452536106,51.32920889929674
2055,48.574,372,261,612,349,439,237,326,1891.0,-0.7796220383208707,51.32920889929673
2056,47.224,349,243,594,299,389,187,276,1891.0,-0.7782836313881311,51.32920889929674
2057,51.408,307,195,467,267,358,76,244,1891.0,-0.7769452244553913,51.32920889929673
2058,63.055,413,306,495,335,426,144,312,1891.0,-0.7756068175226515,51.329208899296745
2059,19.539,633,570,1216,504,646,516,533,1891.0,-0.7742684105899117,51.32920889929673
2060,6.24,707,620,1289,526,714,538,606,1891.0,-0.7729300036571725,51.329208899296745
2061,7.134,741,647,1323,554,742,566,640,1891.0,-0.7715915967244324,51.32920889929673
2062,2.303,741,647,1323,554,742,566,640,1891.0,-0.770253189791693,51.32920889929674
2063,8.408,1246,833,1342,719,1185,707,892,1891.0,-0.7689147828589531,51.32920889929673
2064,18.78,1287,874,1384,760,1227,748,934,1891.0,-0.7675763759262134,51.32920889929673
2065,10.527,1194,781,1291,667,1134,655,841,1891.0,-0.7662379689934739,51.329208899296745
2066,22.868,1233,820,1329,706,1172,694,879,1891.0,-0.7648995620607341,51.329208899296745
2067,17.688,1030,706,1195,949,1038,670,882,1891.0,-0.7635611551279945,51.32920889929673
2068,20.792,965,668,806,911,791,472,483,1891.0,-0.7622227481952546,51.32920889929673
2069,15.786,899,602,723,837,709,389,400,1891.0,-0.7608843412625149,51.329208899296745
2070,79.547,878,623,727,854,713,393,404,1891.0,-0.7595459343297752,51.32920889929674
2071,61.976,592,694,557,763,402,222,234,1891.0,-0.7582075273970355,51.32920889929673
2072,64.157,548,744,517,724,358,183,195,1891.0,-0.756869120464296,51.32920889929674
2073,42.488,424,620,481,690,234,147,159,1891.0,-0.7555307135315561,51.32920889929673
2074,36.344,463,592,813,1024,273,297,368,1891.0,-0.7541923065988165,51.329208899296745
2075,53.657,460,415,708,945,270,180,366,1891.0,-0.7528538996660767,51.32920889929674
2076,35.856,454,349,642,1011,264,115,349,1891.0,-0.7515154927333371,51.32920889929673
2077,12.796,602,441,749,807,535,222,655,1891.0,-0.7488386788678579,51.32920889929674
2078,24.482,763,514,911,880,608,384,817,1891.0,-0.747500271935118,51.32920889929673
2079,22.945,763,514,911,880,608,384,817,1891.0,-0.7461618650023785,51.32920889929673
2080,30.339,1199,673,984,1027,618,819,1077,1891.0,-0.7421466442041594,51.32920889929674
2081,22.984,1269,644,913,957,548,834,1007,1891.0,-0.7408082372714196,51.32920889929673
2082,7.983,1433,807,1077,1121,711,997,1170,1891.0,-0.7394698303386799,51.32920889929673
2083,5.583,1594,968,1237,1281,872,1158,1331,1891.0,-0.7381314234059404,51.32920889929674
2084,10.21,1594,968,1237,1281,872,1158,1331,1891.0,-0.7367930164732006,51.329208899296745
2085,4.454,1215,1529,1388,508,584,1294,1945,1891.0,-0.7314393887422417,51.32920889929673
2086,33.172,1257,1572,1430,550,627,1336,1987,1891.0,-0.7301009818095021,51.32920889929673
2087,35.383,728,1553,982,532,513,1043,1968,1891.0,-0.7287625748767622,51.329208899296745
2088,43.022,660,1597,913,600,581,975,2037,1891.0,-0.7274241679440228,51.32920889929674
2089,15.251,695,1699,948,907,644,1010,2341,1891.0,-0.7247473540785434,51.32920889929674
2090,13.174,779,1783,1033,991,728,1094,2426,1891.0,-0.7234089471458038,51.32920889929673
2091,15.477,908,1912,1162,1120,857,1223,2555,1891.0,-0.7220705402130639,51.32920889929673
2092,11.365,1204,850,572,885,891,767,928,1891.0,-0.7127016916838861,51.32920889929673
2093,45.45,1036,683,740,717,724,599,760,1891.0,-0.7113632847511464,51.32920889929673
2094,28.354,1034,680,742,715,722,597,758,1891.0,-0.7100248778184066,51.32920889929673
2095,48.392,815,462,563,496,503,378,539,1891.0,-0.708686470885667,51.329208899296745
2096,32.041,761,486,593,464,449,408,485,1891.0,-0.7073480639529274,51.329208899296745
2097,29.705,761,486,593,464,449,408,485,1891.0,-0.7060096570201876,51.32920889929673
2098,86.569,567,201,295,236,257,172,286,1891.0,-0.7046712500874479,51.32920889929673
2099,43.27,448,70,167,105,142,142,163,1891.0,-0.7033328431547081,51.32920889929673
2100,82.78,344,63,72,56,93,108,114,1891.0,-0.7019944362219686,51.32920889929673
2101,49.414,381,115,0,106,143,158,165,1891.0,-0.7006560292892288,51.32920889929673
2102,0.096,0,379,381,316,331,295,316,1891.0,-0.6993176223564892,51.32920889929673
2103,0.0,65,314,316,279,316,230,335,1891.0,-0.6979792154237493,51.32920889929673
2104,0.633,774,876,914,364,780,303,862,1891.0,-0.7889803970693152,51.32824396972817
2105,76.829,690,797,834,287,696,223,778,1891.0,-0.7876420079309451,51.32824396972817
2106,14.469,609,788,934,351,757,323,839,1891.0,-0.7863036187925748,51.32824396972817
2107,45.651,408,587,826,359,618,37,669,1891.0,-0.7849652296542043,51.32824396972817
2108,21.523,257,436,676,434,467,91,518,1891.0,-0.7836268405158339,51.32824396972816
2109,48.354,199,360,605,354,387,17,438,1891.0,-0.7822884513774635,51.32824396972815
2110,19.458,178,283,528,404,438,80,489,1891.0,-0.7809500622390931,51.32824396972815
2111,50.519,425,314,666,453,544,341,430,1891.0,-0.7796116731007227,51.328243969728156
2112,89.742,221,110,461,438,529,229,415,1891.0,-0.7782732839623524,51.32824396972816
2113,41.639,223,112,382,390,481,173,367,1891.0,-0.7769348948239823,51.32824396972817
2114,28.053,294,182,337,460,551,269,437,1891.0,-0.7755965056856119,51.32824396972817
2115,48.279,563,452,329,502,592,310,479,1891.0,-0.7742581165472413,51.32824396972816
2116,3.361,734,671,1316,613,747,625,634,1891.0,-0.7729197274088713,51.32824396972815
2117,3.703,859,783,1442,726,870,738,759,1891.0,-0.7715813382705008,51.32824396972816
2118,5.596,932,846,1515,752,940,764,832,1891.0,-0.7702429491321303,51.32824396972815
2119,7.97,1148,773,1261,1016,1156,737,985,1891.0,-0.7662277817170193,51.32824396972815
2120,14.469,1053,867,1304,1061,1061,832,982,1891.0,-0.7648893925786492,51.32824396972817
2121,31.118,899,827,1151,907,907,791,828,1891.0,-0.7635510034402787,51.32824396972815
2122,15.882,807,851,1058,815,815,724,736,1891.0,-0.7622126143019085,51.32824396972817
2123,18.525,783,826,1026,791,791,692,704,1891.0,-0.7608742251635382,51.32824396972817
2124,30.49,913,719,822,893,783,488,500,1891.0,-0.7595358360251678,51.32824396972816
2125,20.546,653,807,622,828,463,288,299,1891.0,-0.7581974468867975,51.32824396972817
2126,32.722,88,513,749,967,109,157,223,1891.0,-0.7568590577484272,51.32824396972817
2127,46.415,207,404,630,861,25,49,113,1891.0,-0.7555206686100565,51.328243969728156
2128,66.385,245,430,666,896,56,71,140,1891.0,-0.7541822794716865,51.32824396972817
2129,54.343,372,451,708,978,182,187,272,1891.0,-0.7528438903333161,51.328243969728156
2130,52.625,444,312,605,1048,270,78,354,1891.0,-0.7515055011949457,51.328243969728156
2131,27.624,379,234,527,1029,348,0,432,1891.0,-0.7501671120565754,51.32824396972817
2132,17.541,512,367,660,1131,481,132,565,1891.0,-0.7488287229182049,51.32824396972815
2133,21.466,637,491,784,1007,605,257,690,1891.0,-0.7474903337798348,51.32824396972816
2134,7.446,1094,844,974,1207,832,714,1130,1891.0,-0.7434751663647237,51.32824396972815
2135,19.879,1176,805,1057,1159,750,797,1209,1891.0,-0.7421367772263534,51.32824396972817
2136,19.379,1433,807,1077,1121,711,997,1170,1891.0,-0.7407983880879828,51.328243969728156
2137,19.76,1433,807,1077,1121,711,997,1170,1891.0,-0.7394599989496127,51.328243969728156
2138,10.404,1594,968,1237,1281,872,1158,1331,1891.0,-0.7381216098112422,51.32824396972815
2139,2.41,1594,968,1237,1281,872,1158,1331,1891.0,-0.736783220672872,51.32824396972815
2140,0.01,1096,1411,1269,389,466,1175,1826,1891.0,-0.732768053257761,51.32824396972817
2141,27.002,1128,1442,1301,421,497,1207,1858,1891.0,-0.7314296641193906,51.32824396972817
2142,56.579,1231,1545,1404,524,600,1310,1961,1891.0,-0.7300912749810204,51.32824396972817
2143,27.737,728,1553,982,532,513,1043,1968,1891.0,-0.72875288584265,51.32824396972817
2144,64.626,706,1576,959,554,535,1021,1991,1891.0,-0.7274144967042795,51.32824396972817
2145,42.256,836,1556,1090,729,466,1151,2164,1891.0,-0.7260761075659093,51.32824396972817
2146,39.793,809,1584,1062,757,494,1124,2192,1891.0,-0.7247377184275391,51.32824396972817
2147,30.358,770,1774,1023,981,719,1085,2416,1891.0,-0.7233993292891685,51.328243969728156
2148,50.054,887,1891,1140,1099,836,1202,2534,1891.0,-0.7220609401507981,51.32824396972817
2149,5.421,990,666,211,1374,1446,791,1482,1891.0,-0.718045772735687,51.328243969728156
2150,22.025,1113,789,334,1497,1569,914,1605,1891.0,-0.7167073835973169,51.328243969728156
2151,14.512,1082,758,303,1154,1161,883,1197,1891.0,-0.7153689944589464,51.32824396972816
2152,6.529,1162,839,383,1111,1118,884,1154,1891.0,-0.714030605320576,51.32824396972815
2153,23.834,1247,923,468,1159,1166,895,1202,1891.0,-0.712692216182206,51.32824396972817
2154,38.253,1133,780,718,814,821,652,857,1891.0,-0.7113538270438354,51.32824396972816
2155,27.321,1142,788,854,823,829,704,866,1891.0,-0.7100154379054652,51.32824396972816
2156,28.888,815,462,563,496,503,378,539,1891.0,-0.7086770487670948,51.328243969728156
2157,23.214,792,438,540,473,480,355,516,1891.0,-0.7073386596287244,51.32824396972817
2158,19.472,761,453,500,487,494,227,530,1891.0,-0.7060002704903542,51.32824396972817
2159,30.053,552,172,260,207,244,137,265,1891.0,-0.7046618813519839,51.32824396972817
2160,41.59,494,156,201,191,228,57,250,1891.0,-0.7033234922136133,51.328243969728156
2161,48.426,423,201,222,236,273,99,294,1891.0,-0.7019851030752432,51.32824396972817
2162,40.447,295,172,193,207,244,226,265,1891.0,-0.7006467139368728,51.32824396972817
2163,12.479,215,264,285,299,336,279,357,1891.0,-0.6993083247985026,51.32824396972817
2164,22.047,107,356,358,322,359,187,377,1891.0,-0.6979699356601322,51.32824396972817
2165,29.702,296,545,547,511,548,11,566,1891.0,-0.6966315465217618,51.32824396972817
2166,44.864,774,876,914,364,780,303,862,1891.0,-0.7889699078814347,51.32727904763528
2167,41.726,774,876,914,364,780,303,862,1891.0,-0.7876315365364281,51.32727904763528
2168,38.832,709,889,1048,465,872,438,954,1891.0,-0.7862931651914213,51.32727904763528
2169,13.438,469,648,888,490,679,303,730,1891.0,-0.7849547938464148,51.32727904763528
2170,34.672,321,500,740,498,531,155,582,1891.0,-0.783616422501408,51.32727904763527
2171,5.209,357,536,775,533,566,190,618,1891.0,-0.7822780511564013,51.32727904763527
2172,2.385,76,425,660,451,484,90,535,1891.0,-0.7809396798113947,51.32727904763527
2173,11.359,10,366,597,516,549,155,601,1891.0,-0.779601308466388,51.32727904763527
2174,11.233,55,72,300,535,626,68,512,1891.0,-0.7782629371213813,51.32727904763528
2175,12.003,188,112,292,473,564,180,450,1891.0,-0.7769245657763746,51.32727904763528
2176,28.471,340,235,239,513,604,258,490,1891.0,-0.7755861944313679,51.32727904763528
2177,30.294,522,411,300,562,652,352,539,1891.0,-0.7742478230863613,51.32727904763528
2178,54.777,554,443,269,562,652,342,539,1891.0,-0.7729094517413547,51.32727904763528
2179,0.792,859,796,1442,738,872,750,759,1891.0,-0.7715710803963479,51.32727904763527
2180,0.269,985,921,1567,864,998,876,884,1891.0,-0.7702327090513411,51.327279047635265
2181,0.0,1039,1092,1660,917,917,857,1055,1891.0,-0.7688943377063346,51.32727904763529
2182,0.0,1039,1092,1660,917,917,857,1055,1891.0,-0.767555966361328,51.32727904763528
2183,5.178,1053,867,1304,1061,1061,832,982,1891.0,-0.7648792236713146,51.32727904763528
2184,24.061,607,1031,1135,615,615,665,812,1891.0,-0.7635408523263079,51.32727904763528
2185,14.91,592,994,1098,600,600,660,776,1891.0,-0.7622024809813013,51.32727904763528
2186,13.003,683,848,952,692,692,618,630,1891.0,-0.7608641096362944,51.32727904763527
2187,28.435,752,803,907,760,760,573,584,1891.0,-0.7595257382912879,51.32727904763528
2188,36.842,63,575,802,877,266,262,286,1891.0,-0.7581873669462813,51.32727904763529
2189,19.056,50,513,749,967,147,157,223,1891.0,-0.7568489956012746,51.32727904763529
2190,36.358,134,338,574,918,80,32,48,1891.0,-0.7555106242562679,51.32727904763527
2191,55.069,213,397,632,960,113,46,106,1891.0,-0.7541722529112611,51.32727904763528
2192,87.599,285,140,433,1149,534,149,436,1891.0,-0.7528338815662546,51.32727904763528
2193,80.177,306,161,454,1128,468,112,456,1891.0,-0.7514955102212477,51.32727904763527
2194,20.494,379,234,527,1029,348,0,432,1891.0,-0.7501571388762412,51.32727904763528
2195,18.437,512,367,660,1131,481,132,565,1891.0,-0.7488187675312344,51.32727904763527
2196,8.315,1433,931,1200,1021,835,1121,1294,1891.0,-0.7394501681161877,51.32727904763528
2197,20.746,1317,1047,1270,904,952,1104,1410,1891.0,-0.738111796771181,51.32727904763527
2198,0.224,1050,1362,1199,258,419,1129,1695,1891.0,-0.7340966827361611,51.32727904763528
2199,39.087,1096,1411,1269,389,466,1175,1826,1891.0,-0.7327583113911543,51.32727904763528
2200,50.352,995,1310,1168,288,365,1074,1725,1891.0,-0.7314199400461477,51.32727904763528
2201,34.102,931,1369,1184,348,424,1134,1785,1891.0,-0.730081568701141,51.32727904763528
2202,55.566,975,1413,1228,391,468,1177,1828,1891.0,-0.7287431973561345,51.32727904763528
2203,44.927,884,1447,1137,620,357,1199,2054,1891.0,-0.7274048260111277,51.32727904763528
2204,30.414,921,1536,1174,709,446,1236,2143,1891.0,-0.7260664546661212,51.32727904763529
2205,3.373,953,1567,1206,741,478,1268,2175,1891.0,-0.7247280833211143,51.32727904763528
2206,8.598,825,501,280,1209,1635,626,1671,1891.0,-0.7207129692860943,51.32727904763527
2207,14.786,905,581,354,1290,1589,706,1626,1891.0,-0.7193745979410877,51.32727904763527
2208,16.33,833,510,54,1218,1409,635,1446,1891.0,-0.7180362265960809,51.32727904763528
2209,10.591,893,569,114,1278,1349,694,1386,1891.0,-0.7166978552510743,51.32727904763527
2210,8.833,1003,680,225,1232,1239,805,1275,1891.0,-0.7153594839060676,51.32727904763527
2211,27.326,1252,928,473,1059,1065,794,1102,1891.0,-0.714021112561061,51.32727904763529
2212,8.929,1297,943,555,978,984,713,1021,1891.0,-0.7126827412160542,51.32727904763529
2213,9.661,1167,814,684,848,855,686,891,1891.0,-0.7113443698710477,51.32727904763527
2214,21.273,1072,718,798,753,760,591,796,1891.0,-0.710005998526041,51.32727904763528
2215,37.865,983,675,722,709,716,238,752,1891.0,-0.7086676271810343,51.32727904763528
2216,68.298,897,589,636,623,630,176,666,1891.0,-0.7073292558360276,51.32727904763527
2217,54.49,761,453,500,487,494,227,530,1891.0,-0.7059908844910209,51.32727904763527
2218,31.441,673,392,413,427,464,139,485,1891.0,-0.7046525131460144,51.32727904763528
2219,46.802,553,272,293,307,344,19,365,1891.0,-0.7033141418010077,51.32727904763528
2220,60.056,415,282,303,316,353,96,375,1891.0,-0.7019757704560008,51.32727904763529
2221,25.326,347,323,344,358,395,203,416,1891.0,-0.7006373991109941,51.32727904763529
2222,34.508,303,352,373,387,424,348,446,1891.0,-0.6992990277659875,51.32727904763528
2223,40.798,200,449,451,414,451,134,470,1891.0,-0.6979606564209808,51.32727904763528
2224,33.175,446,695,697,660,697,164,716,1891.0,-0.6966222850759743,51.32727904763528
2225,67.236,939,1041,1078,528,945,468,1027,1891.0,-0.7889594192863585,51.32631413301773
2226,52.668,927,1067,1166,599,1011,555,1093,1891.0,-0.7876210657337099,51.32631413301774
2227,4.067,809,988,1148,565,971,537,1053,1891.0,-0.786282712181061,51.326314133017725
2228,30.132,931,1110,1270,687,1093,659,1175,1891.0,-0.7849443586284127,51.32631413301773
2229,20.112,392,571,810,568,602,226,653,1891.0,-0.7836060050757641,51.326314133017725
2230,0.0,197,546,781,564,597,202,648,1891.0,-0.7822676515231153,51.32631413301774
2231,0.861,21,376,607,505,539,144,590,1891.0,-0.7809292979704666,51.32631413301773
2232,3.372,11,272,503,610,643,248,692,1891.0,-0.7795909444178183,51.32631413301773
2233,19.046,77,83,279,547,637,47,524,1891.0,-0.7782525908651695,51.326314133017725
2234,9.007,118,119,232,582,673,0,559,1891.0,-0.776914237312521,51.326314133017725
2235,37.135,255,255,118,617,707,136,594,1891.0,-0.7755758837598722,51.32631413301774
2236,21.406,460,460,109,721,812,183,698,1891.0,-0.7742375302072235,51.32631413301773
2237,48.518,460,460,109,721,812,183,698,1891.0,-0.7728991766545749,51.326314133017725
2238,8.026,1062,999,1645,941,1049,953,962,1891.0,-0.7715608231019263,51.326314133017725
2239,0.0,1062,999,1645,941,1049,953,962,1891.0,-0.7702224695492778,51.32631413301773
2240,0.0,1039,1092,1660,917,917,857,1055,1891.0,-0.7688841159966292,51.32631413301773
2241,0.0,1039,1092,1660,917,917,857,1055,1891.0,-0.7675457624439805,51.32631413301773
2242,0.055,636,1212,1257,541,541,481,1162,1891.0,-0.766207408891332,51.326314133017725
2243,8.083,696,1144,1248,705,705,689,925,1891.0,-0.7648690553386832,51.326314133017725
2244,28.804,622,1094,1180,630,630,639,875,1891.0,-0.7635307017860347,51.32631413301773
2245,25.311,492,1031,1094,501,501,561,813,1891.0,-0.7621923482333861,51.32631413301773
2246,36.162,544,1008,1112,553,553,613,789,1891.0,-0.7608539946807373,51.326314133017725
2247,8.851,578,927,1031,586,586,646,708,1891.0,-0.7595156411280889,51.32631413301773
2248,3.423,232,489,647,578,457,369,381,1891.0,-0.7581772875754403,51.32631413301773
2249,6.851,246,383,540,636,433,262,346,1891.0,-0.7568389340227918,51.326314133017725
2250,30.897,162,259,495,927,145,18,56,1891.0,-0.755500580470143,51.326314133017725
2251,38.19,229,199,428,875,212,76,114,1891.0,-0.7541622269174943,51.32631413301774
2252,53.86,150,19,303,1014,398,19,300,1891.0,-0.7528238733648459,51.32631413301773
2253,48.22,228,83,376,1092,477,92,379,1891.0,-0.7514855198121972,51.32631413301773
2254,10.701,151,297,562,1278,701,317,603,1891.0,-0.7488088127068999,51.326314133017725
2255,19.32,934,856,785,1047,970,622,940,1891.0,-0.7447937520489543,51.32631413301774
2256,23.422,929,890,779,1047,1004,656,935,1891.0,-0.7434553984963055,51.326314133017725
2257,21.353,1070,1032,921,871,1146,798,1077,1891.0,-0.7421170449436568,51.32631413301773
2258,7.644,1317,1047,1270,904,952,1104,1410,1891.0,-0.7394403378383596,51.32631413301774
2259,12.468,1317,1047,1270,904,952,1104,1410,1891.0,-0.738101984285711,51.326314133017725
2260,24.879,1050,1362,1199,258,419,1129,1695,1891.0,-0.7340869236277654,51.326314133017725
2261,59.72,962,1274,1111,170,331,1041,1607,1891.0,-0.7327485700751165,51.32631413301774
2262,23.881,896,1210,1069,189,265,975,1626,1891.0,-0.7314102165224681,51.326314133017725
2263,33.352,858,1173,1031,346,27,938,1781,1891.0,-0.7300718629698195,51.32631413301773
2264,45.83,981,1357,1194,433,340,1122,1869,1891.0,-0.7287335094171705,51.326314133017725
2265,40.075,954,1268,1127,441,178,1033,1876,1891.0,-0.7273951558645221,51.326314133017725
2266,6.221,1044,1658,1297,832,569,1359,2266,1891.0,-0.7260568023118736,51.32631413301773
2267,19.889,849,526,305,1234,1660,651,1696,1891.0,-0.7207033881012791,51.326314133017725
2268,17.403,716,392,172,1101,1526,517,1563,1891.0,-0.7193650345486305,51.32631413301773
2269,9.853,846,522,42,1231,1451,647,1488,1891.0,-0.7180266809959819,51.32631413301774
2270,12.961,888,565,0,1273,1464,690,1501,1891.0,-0.7166883274433332,51.32631413301773
2271,34.311,1046,777,964,1420,1481,320,1503,1891.0,-0.7153499738906846,51.326314133017725
2272,38.499,1212,916,782,1303,1336,620,1365,1891.0,-0.714011620338036,51.326314133017725
2273,43.639,1168,856,862,1195,1229,504,1258,1891.0,-0.7126732667853874,51.32631413301773
2274,43.332,1191,837,680,872,878,588,915,1891.0,-0.7113349132327389,51.32631413301773
2275,18.146,1184,830,827,865,872,457,908,1891.0,-0.7099965596800901,51.326314133017725
2276,25.32,1097,789,836,823,830,352,866,1891.0,-0.7086582061274415,51.32631413301773
2277,71.299,909,601,648,636,642,164,679,1891.0,-0.7073198525747928,51.326314133017725
2278,40.518,753,471,492,506,543,114,564,1891.0,-0.7059814990221444,51.32631413301773
2279,40.091,698,417,438,452,489,164,510,1891.0,-0.7046431454694957,51.326314133017725
2280,61.38,658,376,397,411,448,124,470,1891.0,-0.7033047919168471,51.32631413301774
2281,43.339,557,452,473,487,524,200,545,1891.0,-0.7019664383641984,51.32631413301773
2282,43.587,485,472,493,506,543,239,565,1891.0,-0.7006280848115499,51.32631413301773
2283,67.036,460,482,502,516,553,373,575,1891.0,-0.6992897312589013,51.326314133017725
2284,34.574,403,505,526,540,577,338,598,1891.0,-0.6979513777062526,51.326314133017725
2285,26.035,473,722,724,687,724,191,743,1891.0,-0.696613024153604,51.32631413301774
2286,4.606,1021,1123,1161,610,1027,550,1109,1891.0,-0.7889489312840374,51.32534922587516
2287,10.689,956,1136,1282,712,1119,671,1201,1891.0,-0.7876105955227414,51.325349225875165
2288,8.878,909,1088,1248,665,1071,638,1153,1891.0,-0.7862722597614452,51.32534922587516
2289,2.502,931,1110,1270,687,1093,659,1175,1891.0,-0.7849339240001493,51.32534922587516
2290,0.409,208,563,794,600,634,239,685,1891.0,-0.7822572524775571,51.32534922587516
2291,4.279,88,242,473,687,721,240,682,1891.0,-0.7795805809549649,51.32534922587516
2292,0.084,65,218,449,664,697,217,659,1891.0,-0.7782422451936689,51.32534922587516
2293,1.12,243,244,106,628,719,125,605,1891.0,-0.7755655736710765,51.325349225875165
2294,14.266,350,351,0,735,826,73,712,1891.0,-0.7742272379097804,51.32534922587516
2295,59.311,751,752,401,1136,1227,327,1113,1891.0,-0.7728889021484845,51.325349225875165
2296,36.088,696,697,345,1081,1172,272,1058,1891.0,-0.7715505663871883,51.32534922587516
2297,2.812,988,1254,1609,866,866,806,1217,1891.0,-0.7702122306258923,51.32534922587516
2298,0.0,952,1218,1573,830,830,770,1181,1891.0,-0.7688738948645961,51.325349225875165
2299,0.356,560,1207,1181,460,460,400,1087,1891.0,-0.7661972233420041,51.325349225875165
2300,4.889,496,1143,1117,471,471,419,1016,1891.0,-0.7648588875807079,51.32534922587516
2301,11.34,472,1116,1094,481,481,475,963,1891.0,-0.763520551819412,51.32534922587516
2302,14.837,442,1075,1063,450,450,510,875,1891.0,-0.7621822160581159,51.32534922587516
2303,10.006,456,1026,1077,464,464,524,830,1891.0,-0.7608438802968197,51.32534922587515
2304,0.032,58,645,802,426,426,463,557,1891.0,-0.7595055445355237,51.32534922587516
2305,4.818,191,519,676,542,501,399,433,1891.0,-0.7581672087742277,51.32534922587516
2306,16.755,91,405,563,811,456,285,369,1891.0,-0.7568288730129316,51.32534922587516
2307,30.059,179,280,437,779,330,159,243,1891.0,-0.7554905372516356,51.32534922587516
2308,51.773,237,218,374,820,285,98,188,1891.0,-0.7541522014903393,51.325349225875165
2309,27.087,209,102,235,941,403,41,305,1891.0,-0.7528138657290433,51.32534922587516
2310,102.551,277,169,228,1043,505,143,407,1891.0,-0.7514755299677472,51.32534922587515
2311,3.386,0,145,410,1127,549,165,451,1891.0,-0.750137194206451,51.32534922587515
2312,6.644,151,297,562,1278,701,317,603,1891.0,-0.748798858445155,51.32534922587516
2313,33.05,726,786,576,1216,900,551,732,1891.0,-0.7447838511612669,51.325349225875165
2314,4.468,1070,1032,921,871,1146,798,1077,1891.0,-0.7421071796386748,51.32534922587516
2315,22.537,1153,1115,1004,788,1113,881,1159,1891.0,-0.7407688438773786,51.32534922587516
2316,27.64,1119,1197,1071,706,1032,962,1241,1891.0,-0.7394305081160826,51.32534922587516
2317,9.723,1179,1185,1133,766,1069,1127,1415,1891.0,-0.7380921723547865,51.32534922587516
2318,4.789,1070,1186,1023,351,676,1040,1520,1891.0,-0.7367538365934904,51.32534922587516
2319,25.963,1039,1156,993,289,614,1010,1489,1891.0,-0.7354155008321944,51.32534922587516
2320,21.975,1016,1205,1042,54,386,1059,1538,1891.0,-0.7340771650708984,51.325349225875165
2321,9.964,981,1127,964,52,360,977,1460,1891.0,-0.7327388293096021,51.32534922587515
2322,91.335,806,1121,979,198,176,885,1634,1891.0,-0.731400493548306,51.32534922587516
2323,25.374,758,1072,931,246,128,837,1680,1891.0,-0.73006215778701,51.32534922587516
2324,33.823,954,1268,1127,441,178,1033,1876,1891.0,-0.728723822025714,51.325349225875165
2325,21.19,493,807,666,555,516,572,1921,1891.0,-0.7260471505031217,51.32534922587516
2326,66.77,569,884,743,631,741,649,1997,1891.0,-0.7247088147418258,51.32534922587516
2327,51.419,817,494,306,1202,1695,619,1906,1891.0,-0.7233704789805298,51.32534922587516
2328,33.092,817,494,306,1202,1695,619,1906,1891.0,-0.7220321432192336,51.32534922587516
2329,9.361,622,299,112,1007,1500,424,1656,1891.0,-0.7193554716966415,51.32534922587516
2330,11.413,1046,777,964,1420,1481,320,1503,1891.0,-0.7153404644127532,51.325349225875165
2331,22.682,1046,777,964,1420,1481,320,1503,1891.0,-0.7140021286514571,51.325349225875165
2332,25.574,1239,885,709,920,926,636,963,1891.0,-0.7126637928901611,51.32534922587516
2333,41.272,1103,834,1022,1221,1258,378,1280,1891.0,-0.7113254571288651,51.32534922587516
2334,35.686,1212,902,923,937,974,345,995,1891.0,-0.709987121367569,51.32534922587516
2335,41.254,1309,1028,1049,1063,1100,442,1121,1891.0,-0.7086487856062729,51.32534922587516
2336,43.581,867,586,606,620,657,0,679,1891.0,-0.7073104498449767,51.325349225875165
2337,57.584,866,584,605,619,656,304,677,1891.0,-0.7059721140836805,51.32534922587516
2338,62.842,780,499,520,533,570,246,592,1891.0,-0.7046337783223846,51.325349225875165
2339,53.603,783,502,523,536,573,249,595,1891.0,-0.7032954425610886,51.32534922587516
2340,53.483,816,615,636,650,687,363,708,1891.0,-0.7019571067997924,51.32534922587516
2341,61.993,562,553,574,588,625,362,646,1891.0,-0.7006187710384963,51.32534922587516
2342,47.72,618,610,631,645,682,295,703,1891.0,-0.6992804352772002,51.32534922587516
2343,37.344,497,566,587,601,638,431,659,1891.0,-0.697942099515904,51.325349225875165
2344,43.689,520,751,771,734,771,134,790,1891.0,-0.6966037637546081,51.32534922587516
2345,53.825,1159,1300,1360,809,1226,749,1308,1891.0,-0.7889384438744235,51.3243843262072
2346,3.146,1054,1233,1315,765,1182,705,1264,1891.0,-0.7876001259034745,51.32438432620721
2347,1.106,975,1155,1314,731,1138,704,1220,1891.0,-0.7862618079325254,51.32438432620721
2348,0.034,435,588,667,1034,1067,587,1029,1891.0,-0.7822468540196783,51.32438432620721
2349,1.082,286,439,638,885,918,438,880,1891.0,-0.7809085360487295,51.3243843262072
2350,0.455,702,855,687,1301,1334,854,1296,1891.0,-0.7795702180777804,51.32438432620721
2351,0.024,707,861,693,1306,1339,859,1301,1891.0,-0.7782319001068315,51.3243843262072
2352,0.015,423,424,73,809,899,0,786,1891.0,-0.7742169461939845,51.3243843262072
2353,15.001,522,523,172,907,998,98,884,1891.0,-0.7728786282230355,51.32438432620721
2354,46.552,713,714,363,1098,1189,289,1030,1891.0,-0.7715403102520866,51.32438432620721
2355,44.576,988,1254,1609,866,866,806,1217,1891.0,-0.7702019922811376,51.3243843262072
2356,0.231,952,1218,1573,830,830,770,1181,1891.0,-0.7688636743101885,51.32438432620721
2357,0.0,772,1359,1393,650,650,590,1312,1891.0,-0.7675253563392396,51.3243843262072
2358,0.641,575,1222,1196,458,458,398,1115,1891.0,-0.7661870383682908,51.32438432620721
2359,2.273,543,1190,1164,410,410,350,1090,1891.0,-0.7648487203973416,51.32438432620721
2360,6.238,398,1045,1019,406,406,466,986,1891.0,-0.7635104024263926,51.3243843262072
2361,8.229,394,1041,1015,402,402,462,981,1891.0,-0.7621720844554437,51.32438432620721
2362,9.738,272,919,893,290,290,350,860,1891.0,-0.7608337664844947,51.32438432620721
2363,0.0,0,701,859,372,372,432,614,1891.0,-0.7594954485135458,51.3243843262072
2364,4.595,316,696,660,456,456,479,637,1891.0,-0.7581571305425968,51.32438432620721
2365,10.116,149,422,529,868,473,302,386,1891.0,-0.7568188125716477,51.32438432620721
2366,23.526,252,526,402,798,576,221,392,1891.0,-0.7554804946006989,51.32438432620721
2367,17.166,297,240,353,893,376,130,284,1891.0,-0.7541421766297498,51.32438432620721
2368,43.444,396,288,14,978,624,221,421,1891.0,-0.7528038586588008,51.32438432620721
2369,27.091,450,343,39,1033,679,275,476,1891.0,-0.7514655406878519,51.32438432620721
2370,8.395,646,791,497,1295,979,600,652,1891.0,-0.746112268804056,51.3243843262072
2371,30.878,686,789,536,1255,940,576,692,1891.0,-0.744773950833107,51.32438432620721
2372,77.202,887,947,737,1071,1061,713,893,1891.0,-0.7434356328621579,51.32438432620721
2373,45.233,887,947,737,1071,1061,713,893,1891.0,-0.7420973148912091,51.32438432620721
2374,36.814,1161,1223,1061,748,1073,989,1216,1891.0,-0.7407589969202601,51.32438432620721
2375,16.898,1102,1192,1029,689,1015,1001,1266,1891.0,-0.7394206789493111,51.32438432620721
2376,6.017,970,1086,923,557,882,940,1362,1891.0,-0.738082360978362,51.32438432620721
2377,14.578,999,1115,952,553,843,969,1449,1891.0,-0.7367440430074131,51.32438432620721
2378,19.349,1020,1136,973,269,594,990,1470,1891.0,-0.7354057250364643,51.3243843262072
2379,33.945,905,1022,858,148,473,875,1355,1891.0,-0.7340674070655152,51.32438432620721
2380,50.125,957,1135,972,104,357,967,1469,1891.0,-0.7327290890945661,51.32438432620721
2381,24.992,690,1004,747,541,1245,558,1729,1891.0,-0.7313907711236174,51.3243843262072
2382,15.199,764,1078,821,615,1319,632,1803,1891.0,-0.7300524531526681,51.32438432620721
2383,31.334,430,745,488,281,985,299,1647,1891.0,-0.7287141351817192,51.32438432620721
2384,25.884,452,766,625,514,434,531,1880,1891.0,-0.7273758172107703,51.3243843262072
2385,47.805,468,782,641,530,481,547,1896,1891.0,-0.7260374992398214,51.32438432620721
2386,57.821,569,884,743,631,741,649,1997,1891.0,-0.7246991812688723,51.3243843262072
2387,73.578,504,818,677,566,675,583,1931,1891.0,-0.7233608632979234,51.32438432620721
2388,5.455,496,173,14,881,1374,298,1783,1891.0,-0.7206842273560254,51.3243843262072
2389,7.753,510,187,0,895,1388,312,1768,1891.0,-0.7193459093850765,51.32438432620721
2390,0.36,789,521,708,1164,1394,0,1415,1891.0,-0.7166692734431784,51.3243843262072
2391,8.185,761,493,680,1136,1366,28,1387,1891.0,-0.7153309554722295,51.32438432620721
2392,40.083,896,628,815,1271,1332,171,1353,1891.0,-0.7139926375012804,51.32438432620721
2393,35.938,949,681,868,1068,1105,224,1126,1891.0,-0.7126543195303315,51.3243843262072
2394,31.178,1103,834,1022,1221,1258,378,1280,1891.0,-0.7113160015593825,51.32438432620721
2395,22.252,1123,842,863,877,914,256,935,1891.0,-0.7099776835884336,51.3243843262072
2396,0.705,950,669,689,703,740,200,762,1891.0,-0.7073010476465356,51.32438432620721
2397,12.32,953,671,692,706,743,234,764,1891.0,-0.7059627296755865,51.3243843262072
2398,42.242,1024,743,764,778,815,307,836,1891.0,-0.7046244117046376,51.32438432620721
2399,76.927,852,571,592,606,643,318,664,1891.0,-0.7032860937336887,51.32438432620721
2400,60.601,1178,993,1014,1028,1065,615,1086,1891.0,-0.7019477757627397,51.3243843262072
2401,48.989,749,740,761,775,812,334,834,1891.0,-0.7006094577917907,51.32438432620721
2402,70.883,702,694,715,728,765,301,787,1891.0,-0.6992711398208415,51.3243843262072
2403,86.92,777,768,789,803,840,178,861,1891.0,-0.6979328218498928,51.32438432620721
2404,31.256,696,840,861,849,886,50,906,1891.0,-0.6965945038789437,51.32438432620721
2405,0.21,745,1101,948,1138,1172,777,1223,1891.0,-0.7889279570574673,51.32341943401351
2406,0.017,694,1050,896,1087,1120,726,1172,1891.0,-0.7875896568758602,51.3234194340135
2407,0.0,668,1023,788,1061,1094,700,1145,1891.0,-0.7862513566942527,51.323419434013495
2408,0.0,435,588,667,1034,1067,587,1029,1891.0,-0.7822364561494313,51.323419434013495
2409,0.007,286,439,638,885,918,438,880,1891.0,-0.7808981559678237,51.3234194340135
2410,4.974,605,758,620,1204,1237,757,1199,1891.0,-0.7795598557862168,51.323419434013495
2411,2.093,636,789,621,1235,1268,788,1230,1891.0,-0.7782215556046097,51.3234194340135
2412,0.0,590,591,239,975,1066,166,936,1891.0,-0.7728683548781807,51.3234194340135
2413,9.894,619,620,269,1004,1095,195,907,1891.0,-0.7715300546965732,51.323419434013495
2414,45.039,789,790,438,1174,1265,365,1077,1891.0,-0.770191754514966,51.3234194340135
2415,7.954,835,836,485,1221,1311,411,1123,1891.0,-0.7688534543333587,51.3234194340135
2416,0.0,812,1403,1434,691,691,631,1352,1891.0,-0.7675151541517514,51.3234194340135
2417,0.0,704,1352,1326,583,583,523,1244,1891.0,-0.7661768539701445,51.32341943401351
2418,1.013,661,1308,1282,322,322,262,1217,1891.0,-0.7648385537885372,51.3234194340135
2419,0.286,460,1107,1081,87,87,27,1048,1891.0,-0.7635002536069299,51.3234194340135
2420,7.819,460,1107,1081,87,87,27,1048,1891.0,-0.7621619534253228,51.3234194340135
2421,3.372,171,818,773,220,220,280,740,1891.0,-0.7608236532437155,51.323419434013495
2422,1.949,230,852,670,322,322,382,660,1891.0,-0.7594853530621082,51.3234194340135
2423,1.013,352,750,581,467,467,401,571,1891.0,-0.7581470528805008,51.32341943401351
2424,16.889,356,480,298,695,585,118,288,1891.0,-0.7554704525172865,51.3234194340135
2425,34.163,438,407,230,793,536,69,234,1891.0,-0.7541321523356794,51.32341943401351
2426,19.615,480,441,259,819,580,79,207,1891.0,-0.7527938521540719,51.3234194340135
2427,4.367,316,461,166,1226,865,270,322,1891.0,-0.7501172517908574,51.3234194340135
2428,8.855,316,461,166,1226,865,270,322,1891.0,-0.7487789516092502,51.3234194340135
2429,20.852,483,628,333,1393,1032,437,489,1891.0,-0.7474406514276432,51.3234194340135
2430,16.322,887,947,737,1071,1061,713,893,1891.0,-0.7434257508828213,51.3234194340135
2431,45.809,968,1028,819,990,1142,794,974,1891.0,-0.7420874507012141,51.32341943401351
2432,30.816,791,908,744,718,883,740,1241,1891.0,-0.7394108503379997,51.3234194340135
2433,44.979,823,939,776,598,890,793,1273,1891.0,-0.7380725501563923,51.3234194340135
2434,48.452,752,868,705,611,865,722,1201,1891.0,-0.736734249974785,51.3234194340135
2435,13.104,787,903,740,646,900,757,1236,1891.0,-0.7353959497931778,51.3234194340135
2436,20.7,855,972,809,178,503,825,1305,1891.0,-0.7340576496115707,51.3234194340135
2437,22.392,677,991,734,528,1231,545,1716,1891.0,-0.7327193494299633,51.323419434013495
2438,43.212,625,939,682,476,1180,493,1664,1891.0,-0.7313810492483562,51.3234194340135
2439,48.057,517,832,574,368,1072,386,1696,1891.0,-0.7300427490667489,51.323419434013495
2440,56.417,430,745,488,281,985,299,1647,1891.0,-0.7287044488851416,51.323419434013495
2441,37.028,218,533,392,280,667,298,1646,1891.0,-0.7273661487035344,51.3234194340135
2442,36.674,357,672,530,419,528,436,1785,1891.0,-0.726027848521927,51.323419434013495
2443,74.215,44,278,218,429,922,218,1795,1891.0,-0.7246895483403198,51.3234194340135
2444,56.819,192,130,274,577,1070,255,1897,1891.0,-0.7233512481587127,51.323419434013495
2445,29.86,252,71,258,637,1129,196,1879,1891.0,-0.7220129479771055,51.323419434013495
2446,20.858,383,60,136,768,1261,185,1868,1891.0,-0.7206746477954984,51.32341943401351
2447,36.027,548,279,466,922,1434,105,1606,1891.0,-0.7193363476138911,51.3234194340135
2448,5.808,508,240,427,883,1395,66,1567,1891.0,-0.7179980474322838,51.323419434013495
2449,6.625,789,521,708,1164,1394,0,1415,1891.0,-0.7166597472506764,51.3234194340135
2450,0.415,743,474,662,1117,1348,14,1369,1891.0,-0.7153214470690693,51.32341943401351
2451,0.497,809,541,728,1184,1245,84,1266,1891.0,-0.713983146887462,51.3234194340135
2452,0.093,949,681,868,1068,1105,224,1126,1891.0,-0.7126448467058548,51.3234194340135
2453,0.0,1159,878,899,912,949,402,971,1891.0,-0.7072916459794257,51.3234194340135
2454,0.0,1076,794,815,829,866,319,888,1891.0,-0.7059533457978185,51.3234194340135
2455,0.466,1012,731,752,766,803,318,824,1891.0,-0.7046150456162115,51.3234194340135
2456,15.528,1093,814,835,849,886,436,907,1891.0,-0.7032767454346042,51.3234194340135
2457,21.987,1092,906,927,941,978,528,999,1891.0,-0.701938445252997,51.32341943401351
2458,40.882,795,787,808,821,858,313,880,1891.0,-0.7006001450713897,51.3234194340135
2459,43.273,858,849,870,884,921,255,942,1891.0,-0.6992618448897824,51.3234194340135
2460,50.446,803,868,889,903,940,158,962,1891.0,-0.6979235447081752,51.3234194340135
2461,45.936,712,869,890,886,923,67,942,1891.0,-0.696585244526568,51.32341943401351
2462,0.755,842,1197,1005,1235,1268,874,1319,1891.0,-0.788917470833121,51.322454549293674
2463,0.13,749,1104,909,1141,1175,780,1226,1891.0,-0.78757918843985,51.32245454929367
2464,0.002,709,1065,747,1102,1135,741,1187,1891.0,-0.7862409060465791,51.32245454929367
2465,0.0,681,992,597,1073,1107,712,1158,1891.0,-0.7849026236533087,51.322454549293674
2466,0.0,681,992,597,1073,1107,712,1158,1891.0,-0.7835643412600378,51.32245454929367
2467,0.005,469,622,454,1068,1101,621,1063,1891.0,-0.7808877764734962,51.32245454929367
2468,2.097,617,770,603,1216,1249,769,1211,1891.0,-0.7795494940802253,51.32245454929367
2469,1.02,631,784,616,1230,1263,783,1225,1891.0,-0.7782112116869547,51.32245454929367
2470,2.492,472,625,856,1071,1104,624,1066,1891.0,-0.776872929293684,51.322454549293674
2471,0.12,765,766,414,1150,1241,341,761,1891.0,-0.7715197997206008,51.32245454929367
2472,16.994,865,866,514,1250,1341,441,713,1891.0,-0.77018151732733,51.32245454929367
2473,0.0,1024,1614,1645,902,902,842,1564,1891.0,-0.7675049525407885,51.322454549293674
2474,0.0,934,1552,1555,812,812,752,1473,1891.0,-0.7661666701475177,51.322454549293674
2475,0.055,553,1200,1174,181,181,121,1141,1891.0,-0.7648283877542468,51.32245454929367
2476,2.587,484,1131,1105,111,111,51,1072,1891.0,-0.7634901053609763,51.322454549293674
2477,9.027,407,1054,1028,34,34,76,995,1891.0,-0.7621518229677052,51.32245454929367
2478,12.773,430,1077,1051,68,68,128,1018,1891.0,-0.7608135405744345,51.32245454929367
2479,46.218,530,799,530,622,622,437,608,1891.0,-0.7594752581811639,51.322454549293674
2480,36.221,416,714,494,509,509,352,523,1891.0,-0.758136975787893,51.32245454929367
2481,43.421,495,623,398,605,605,261,431,1891.0,-0.7567986933946222,51.32245454929367
2482,38.267,461,585,403,590,590,223,393,1891.0,-0.7554604110013514,51.32245454929368
2483,28.679,434,490,308,855,624,0,127,1891.0,-0.7541221286080809,51.32245454929367
2484,21.101,444,499,318,865,633,9,137,1891.0,-0.75278384621481,51.32245454929367
2485,6.951,170,617,276,1070,888,114,166,1891.0,-0.7514455638215392,51.32245454929367
2486,9.818,226,567,172,1175,971,219,271,1891.0,-0.7501072814282685,51.32245454929367
2487,16.32,316,471,157,1226,875,270,322,1891.0,-0.7487689990349975,51.32245454929367
2488,1.728,1197,1257,1047,1219,1371,1022,1203,1891.0,-0.7447541518551853,51.322454549293674
2489,12.172,968,1028,819,990,1142,794,974,1891.0,-0.7434158694619146,51.32245454929367
2490,16.728,619,735,572,546,711,568,1068,1891.0,-0.7420775870686438,51.32245454929367
2491,42.706,665,782,619,592,757,615,1115,1891.0,-0.740739304675373,51.32245454929367
2492,59.452,712,828,665,639,804,661,1161,1891.0,-0.7394010222821022,51.32245454929367
2493,72.371,725,841,678,585,838,695,1174,1891.0,-0.7380627398888315,51.322454549293674
2494,49.277,627,744,581,472,740,597,1077,1891.0,-0.7367244574955607,51.32245454929367
2495,14.701,772,927,518,517,1043,320,1289,1891.0,-0.73538617510229,51.32245454929367
2496,56.396,810,1040,631,631,1156,433,1402,1891.0,-0.7340478927090192,51.32245454929367
2497,61.019,726,1040,716,577,1241,517,1487,1891.0,-0.7327096103157483,51.32245454929367
2498,54.695,393,708,423,0,948,234,1365,1891.0,-0.730033045529207,51.322454549293674
2499,55.235,278,592,321,115,832,132,1481,1891.0,-0.7286947631359361,51.32245454929367
2500,44.357,165,480,339,227,720,245,1593,1891.0,-0.7273564807426653,51.32245454929367
2501,68.899,22,337,196,371,863,196,1736,1891.0,-0.7260181983493945,51.32245454929367
2502,91.044,33,314,151,416,908,151,1749,1891.0,-0.7246799159561237,51.32245454929367
2503,49.588,188,192,158,569,1075,158,1782,1891.0,-0.7233416335628531,51.32245454929368
2504,14.025,314,45,232,688,1200,79,1762,1891.0,-0.7220033511695821,51.32245454929367
2505,0.062,347,78,266,722,1234,46,1728,1891.0,-0.7206650687763113,51.32245454929367
2506,0.192,475,207,394,850,1362,33,1600,1891.0,-0.7193267863830407,51.32245454929367
2507,0.005,508,240,427,883,1395,66,1567,1891.0,-0.71798850398977,51.32245454929367
2508,0.005,779,511,698,1154,1631,337,1652,1891.0,-0.7166502215964989,51.32245454929367
2509,0.0,1134,853,874,888,925,377,946,1891.0,-0.7072822448436036,51.32245454929367
2510,0.0,1134,853,874,888,925,377,946,1891.0,-0.7059439624503329,51.32245454929367
2511,0.0,1109,829,850,864,901,444,922,1891.0,-0.7032673976637912,51.32245454929367
2512,0.052,1046,861,882,896,933,483,954,1891.0,-0.7019291152705206,51.32245454929367
2513,1.948,936,927,948,962,999,453,1020,1891.0,-0.7005908328772498,51.32245454929367
2514,43.362,960,964,985,998,1035,314,1057,1891.0,-0.6992525504839792,51.32245454929367
2515,64.192,924,995,1016,1029,1066,278,1088,1891.0,-0.6979142680907083,51.32245454929367
2516,39.327,992,1080,1101,1115,1152,346,1173,1891.0,-0.6965759856974375,51.32245454929367
2517,0.0,854,1209,1001,1247,1280,885,1331,1891.0,-0.788906985201335,51.32148967204736
2518,0.0,681,992,597,1073,1107,712,1158,1891.0,-0.7848921913835166,51.32148967204736
2519,0.0,738,868,473,1173,1230,836,1223,1891.0,-0.7835539267775772,51.32148967204737
2520,0.0,839,840,489,1224,1315,415,687,1891.0,-0.7701712807181821,51.32148967204737
2521,0.623,940,941,590,1326,1416,516,586,1891.0,-0.7688330161122426,51.32148967204737
2522,14.894,1034,957,696,1385,1429,623,574,1891.0,-0.7674947515063031,51.32148967204738
2523,0.0,984,1631,1605,862,862,802,1524,1891.0,-0.7661564869003635,51.32148967204736
2524,2.562,1004,1651,1625,882,882,822,1544,1891.0,-0.7648182222944243,51.32148967204737
2525,0.97,616,1263,1237,244,244,184,1204,1891.0,-0.7634799576884846,51.321489672047356
2526,9.557,492,1139,1113,158,158,179,1080,1891.0,-0.7621416930825452,51.32148967204737
2527,10.843,441,1088,1062,173,173,231,1029,1891.0,-0.7608034284766056,51.32148967204737
2528,36.783,586,795,526,678,678,433,603,1891.0,-0.7594651638706661,51.32148967204738
2529,18.595,586,795,526,678,678,433,603,1891.0,-0.7581268992647268,51.32148967204737
2530,97.607,601,733,331,694,694,372,542,1891.0,-0.756788634658787,51.321489672047356
2531,96.126,558,682,479,687,687,320,491,1891.0,-0.7554503700528477,51.32148967204737
2532,53.115,596,720,442,725,725,358,528,1891.0,-0.7541121054469081,51.32148967204737
2533,42.822,337,639,436,983,773,26,26,1891.0,-0.7527738408409687,51.32148967204736
2534,20.994,160,645,267,1081,899,125,177,1891.0,-0.7514355762350293,51.32148967204737
2535,42.71,208,581,183,1166,983,211,263,1891.0,-0.7500973116290895,51.32148967204736
2536,37.161,391,628,14,1347,1032,391,443,1891.0,-0.7487590470231501,51.321489672047356
2537,4.229,1197,1257,1047,1219,1371,1022,1203,1891.0,-0.7447442532053318,51.32148967204737
2538,18.857,633,676,598,142,127,472,990,1891.0,-0.7434059885993921,51.32148967204737
2539,60.102,595,633,560,104,85,434,948,1891.0,-0.7420677239934526,51.32148967204736
2540,63.78,619,735,572,546,711,568,1068,1891.0,-0.7407294593875131,51.32148967204737
2541,37.556,850,966,803,710,963,820,1299,1891.0,-0.7393911947815737,51.32148967204737
2542,57.329,533,649,486,467,632,490,983,1891.0,-0.7380529301756341,51.32148967204736
2543,22.832,470,587,424,418,583,441,920,1891.0,-0.7367146655696946,51.32148967204736
2544,70.589,690,844,436,480,961,282,1207,1891.0,-0.7353764009637551,51.32148967204738
2545,73.297,629,783,375,367,900,169,1146,1891.0,-0.7340381363578158,51.32148967204737
2546,43.429,587,809,400,193,925,159,1171,1891.0,-0.7326998717518761,51.32148967204737
2547,53.496,553,700,389,407,1000,170,1243,1891.0,-0.7313616071459367,51.32148967204737
2548,46.274,393,708,423,0,948,234,1365,1891.0,-0.7300233425399971,51.32148967204737
2549,29.531,438,585,266,292,1023,55,1366,1891.0,-0.7286850779340575,51.32148967204736
2550,14.044,361,508,193,234,965,20,1443,1891.0,-0.727346813328118,51.321489672047356
2551,15.128,253,400,86,341,1072,86,1551,1891.0,-0.7260085487221786,51.32148967204737
2552,31.168,122,268,61,475,1009,61,1685,1891.0,-0.7246702841162391,51.32148967204736
2553,3.487,177,248,112,532,1063,112,1742,1891.0,-0.7233320195102997,51.32148967204737
2554,0.083,210,149,170,584,1096,170,1794,1891.0,-0.7219937549043601,51.32148967204737
2555,0.0,647,378,565,1021,1533,204,1785,1891.0,-0.7179789610865416,51.32148967204737
2556,0.0,768,499,687,1143,1655,325,1732,1891.0,-0.7166406964806021,51.32148967204738
2557,0.0,1355,1074,1095,1109,1146,598,1167,1891.0,-0.7072728442390257,51.32148967204737
2558,7.415,1191,1182,1203,1217,1254,667,1276,1891.0,-0.7005815212093282,51.32148967204737
2559,10.768,1128,1119,1140,1154,1191,604,1212,1891.0,-0.6992432566033886,51.321489672047356
2560,6.208,960,1026,1047,1061,1098,314,1119,1891.0,-0.6979049919974492,51.32148967204736
2561,10.012,974,1182,1201,1166,1203,341,1222,1891.0,-0.6965667273915097,51.32148967204737
2562,0.0,954,1173,778,1308,1380,986,1431,1891.0,-0.7875582533424481,51.32052480227425
2563,0.0,917,1139,744,1308,1343,949,1394,1891.0,-0.7862200065228346,51.32052480227423
2564,0.0,920,1050,655,1232,1376,982,1404,1891.0,-0.7848817597032215,51.32052480227425
2565,0.0,756,886,491,1179,1212,818,1240,1891.0,-0.7835435128836084,51.32052480227425
2566,5.712,1164,815,744,1271,1312,740,432,1891.0,-0.7674845510482481,51.32052480227425
2567,0.765,1250,887,816,1343,1383,826,504,1891.0,-0.7661463042286347,51.320524802274235
2568,0.0,654,1301,1275,281,281,221,1242,1891.0,-0.7634698105894082,51.320524802274235
2569,1.854,586,1233,1207,234,234,210,1174,1891.0,-0.7621315637697947,51.32052480227424
2570,4.082,530,1177,1151,261,261,313,1118,1891.0,-0.7607933169501814,51.32052480227425
2571,55.02,793,925,467,885,885,563,733,1891.0,-0.7594550701305681,51.320524802274235
2572,62.939,793,925,467,885,885,563,733,1891.0,-0.7581168233109546,51.32052480227424
2573,76.566,705,838,215,798,798,476,646,1891.0,-0.7567785764913415,51.320524802274235
2574,52.535,705,838,215,798,798,476,646,1891.0,-0.7554403296717281,51.32052480227424
2575,59.676,765,889,272,894,894,304,580,1891.0,-0.7541020828521148,51.32052480227424
2576,37.867,765,889,272,894,894,304,580,1891.0,-0.7527638360325014,51.320524802274235
2577,57.122,4,783,386,1236,1054,280,332,1891.0,-0.7500873423932749,51.32052480227424
2578,4.19,397,634,14,1353,1038,397,449,1891.0,-0.7487490955736613,51.320524802274235
2579,25.739,709,498,674,218,148,338,813,1891.0,-0.7447343551148213,51.32052480227424
2580,35.24,644,464,609,153,84,304,779,1891.0,-0.7433961082952082,51.32052480227424
2581,24.602,519,569,484,28,40,359,889,1891.0,-0.7420578614755946,51.32052480227425
2582,13.421,490,557,455,0,69,330,881,1891.0,-0.7407196146559814,51.32052480227425
2583,49.277,428,545,382,355,520,378,878,1891.0,-0.739381367836368,51.32052480227425
2584,42.324,483,600,437,410,575,433,933,1891.0,-0.7380431210167547,51.320524802274235
2585,25.989,597,752,343,547,868,350,1114,1891.0,-0.7367048741971414,51.32052480227424
2586,63.194,461,615,207,471,732,255,978,1891.0,-0.735366627377528,51.320524802274235
2587,58.528,573,727,318,312,844,77,1089,1891.0,-0.7340283805579148,51.32052480227424
2588,29.436,566,720,316,364,841,75,1082,1891.0,-0.7326901337383014,51.32052480227425
2589,20.126,612,759,419,451,944,178,1185,1891.0,-0.7313518869186881,51.32052480227425
2590,26.478,553,700,387,407,1011,170,1249,1891.0,-0.7300136400990749,51.320524802274235
2591,33.633,484,631,313,338,1069,101,1400,1891.0,-0.7286753932794612,51.32052480227423
2592,23.034,388,535,216,405,1136,170,1614,1891.0,-0.7273371464598479,51.320524802274235
2593,27.71,429,497,56,781,1316,357,1951,1891.0,-0.7246606528206213,51.32052480227424
2594,31.593,333,400,55,684,1219,261,1856,1891.0,-0.7233224060010081,51.32052480227424
2595,0.13,333,388,67,685,1220,261,1850,1891.0,-0.7219841591813947,51.320524802274235
2596,0.0,768,519,496,1120,1655,345,1975,1891.0,-0.7179694187225547,51.32052480227425
2597,0.0,820,551,591,1195,1707,377,1957,1891.0,-0.7166311719029413,51.320524802274235
2598,0.0,890,622,662,1265,1777,448,1887,1891.0,-0.715292925083328,51.32052480227424
2599,0.0,1035,766,817,1409,1710,592,1731,1891.0,-0.7139546782637145,51.32052480227424
2600,0.0,1035,766,817,1409,1710,592,1731,1891.0,-0.7126164314441014,51.320524802274235
2601,0.0,1395,1127,1156,1312,1349,802,1371,1891.0,-0.7099399378048747,51.32052480227425
2602,0.0,1468,1199,1227,1241,1278,730,1299,1891.0,-0.7086016909852614,51.32052480227424
2603,0.0,1467,1186,1207,1220,1257,710,1279,1891.0,-0.7072634441656481,51.320524802274235
2604,0.0,1322,1314,1335,1349,1386,799,1407,1891.0,-0.7019104568871948,51.320524802274235
2605,6.643,1322,1314,1335,1349,1386,799,1407,1891.0,-0.7005722100675814,51.32052480227425
2606,1.456,1161,1152,1173,1187,1224,637,1245,1891.0,-0.6992339632479679,51.320524802274235
2607,0.016,1014,1246,1265,1228,1265,369,1284,1891.0,-0.6965574696087412,51.32052480227425
2608,0.0,1089,1308,913,1258,1515,1121,1566,1891.0,-0.787547786680959,51.31955993997393
2609,0.0,954,1173,778,1308,1380,986,1431,1891.0,-0.7862095576466669,51.31955993997393
2610,0.0,943,1074,679,1216,1398,1005,1395,1891.0,-0.7848713286123746,51.31955993997393
2611,3.558,896,601,206,917,1004,1048,955,1891.0,-0.7821948705437901,51.319559939973935
2612,0.0,799,520,125,836,923,950,874,1891.0,-0.7808566415094981,51.319559939973935
2613,0.019,843,475,80,791,878,995,829,1891.0,-0.7795184124752059,51.31955993997394
2614,33.547,1181,773,701,1228,1269,757,389,1891.0,-0.7674743511665761,51.319559939973935
2615,17.759,1250,887,816,1343,1383,826,504,1891.0,-0.7661361221322838,51.31955993997393
2616,0.0,1307,1954,1928,1076,1185,1125,1777,1891.0,-0.7634596640636996,51.319559939973935
2617,1.168,1330,1977,1951,1052,1209,1148,1753,1891.0,-0.7621214350294073,51.31955993997394
2618,0.02,634,1281,1255,397,397,457,1222,1891.0,-0.760783205995115,51.31955993997393
2619,69.433,894,1026,241,986,986,665,835,1891.0,-0.7581067479265307,51.319559939973935
2620,57.639,814,946,107,906,906,552,754,1891.0,-0.7567685188922385,51.319559939973935
2621,38.915,916,1049,4,1009,1009,470,747,1891.0,-0.7554302898579462,51.319559939973935
2622,64.75,896,1082,80,1063,1087,385,662,1891.0,-0.7540920608236541,51.31955993997393
2623,119.588,758,944,217,926,949,248,525,1891.0,-0.7527538317893617,51.31955993997393
2624,37.959,523,860,452,734,762,55,289,1891.0,-0.7514156027550696,51.31955993997393
2625,12.77,543,857,448,707,733,29,310,1891.0,-0.7500773737207775,51.31955993997393
2626,7.318,909,699,824,418,349,368,683,1891.0,-0.7474009156521931,51.31955993997393
2627,23.915,847,637,812,356,287,461,816,1891.0,-0.746062686617901,51.319559939973935
2628,14.49,785,575,750,294,225,415,846,1891.0,-0.7447244575836086,51.31955993997393
2629,47.333,679,476,644,213,143,316,791,1891.0,-0.7433862285493164,51.31955993997392
2630,21.536,324,350,289,71,306,93,665,1891.0,-0.740709770480732,51.31955993997393
2631,36.591,271,340,236,137,302,159,663,1891.0,-0.7393715414464399,51.31955993997394
2632,5.268,267,384,221,209,374,231,717,1891.0,-0.7380333124121475,51.319559939973935
2633,46.87,280,434,25,386,551,192,796,1891.0,-0.7366950833778555,51.31955993997393
2634,25.826,381,536,136,461,661,110,898,1891.0,-0.7353568543435633,51.31955993997393
2635,27.965,459,614,212,396,737,19,976,1891.0,-0.7340186253092711,51.31955993997393
2636,39.68,558,712,317,455,842,124,1075,1891.0,-0.732680396274979,51.31955993997393
2637,45.961,652,807,409,499,934,168,1169,1891.0,-0.7313421672406866,51.319559939973935
2638,36.327,634,781,463,489,1080,251,1318,1891.0,-0.7300039382063946,51.31955993997393
2639,5.36,746,893,489,600,1192,363,1305,1891.0,-0.7286657091721023,51.319559939973935
2640,6.386,777,833,442,960,1469,704,1517,1891.0,-0.7259892511035179,51.319559939973935
2641,16.438,777,833,442,960,1469,704,1517,1891.0,-0.7246510220692257,51.319559939973935
2642,11.248,385,452,0,736,1271,313,1907,1891.0,-0.7233127930349335,51.319559939973935
2643,4.548,441,499,168,793,1328,369,1752,1891.0,-0.7219745640006413,51.31955993997393
2644,0.0,520,575,248,872,1407,448,1783,1891.0,-0.7206363349663492,51.31955993997393
2645,0.0,768,519,496,1120,1655,345,1975,1891.0,-0.7179598768977645,51.31955993997393
2646,0.0,814,555,564,1177,1701,381,1986,1891.0,-0.7166216478634725,51.319559939973935
2647,0.0,1008,739,745,1348,1760,565,1782,1891.0,-0.7152834188291803,51.31955993997393
2648,0.0,1005,736,748,1352,1757,562,1779,1891.0,-0.713945189794888,51.31955993997393
2649,0.0,1261,993,1022,1446,1483,819,1505,1891.0,-0.7112687317263038,51.31955993997394
2650,0.0,1462,1233,1190,1369,1406,859,1428,1891.0,-0.7099305026920115,51.319559939973935
2651,0.0,1089,1308,913,1258,1515,1121,1566,1891.0,-0.7875373206108798,51.31859508514604
2652,0.0,1063,1080,772,1104,1324,1125,1290,1891.0,-0.784860898110928,51.31859508514605
2653,0.637,886,475,57,791,878,1038,829,1891.0,-0.7808462643609999,51.31859508514606
2654,4.159,871,447,72,764,851,1023,802,1891.0,-0.7795080531110239,51.31859508514606
2655,8.346,1367,445,639,1020,1107,1040,327,1891.0,-0.7701405743611918,51.31859508514605
2656,2.794,1280,629,558,1085,1126,856,246,1891.0,-0.768802363111216,51.31859508514606
2657,29.306,1272,643,571,1098,1139,848,260,1891.0,-0.7674641518612398,51.318595085146065
2658,31.994,1572,819,565,1092,1133,1148,253,1891.0,-0.7661259406112639,51.31859508514605
2659,0.0,1322,1970,1944,1060,1201,1141,1761,1891.0,-0.7634495181113119,51.31859508514605
2660,0.0,1346,1993,1967,1036,1224,1164,1737,1891.0,-0.7621113068613358,51.31859508514605
2661,0.0,958,1605,1579,585,585,525,1546,1891.0,-0.7607730956113596,51.31859508514605
2662,0.158,1053,1700,1674,680,680,620,1528,1891.0,-0.7594348843613838,51.31859508514605
2663,32.489,991,1124,231,1084,1084,697,932,1891.0,-0.7580966731114077,51.31859508514606
2664,64.93,1043,1175,140,1135,1135,606,882,1891.0,-0.7567584618614317,51.31859508514606
2665,68.317,997,1183,131,1145,1145,487,763,1891.0,-0.7554202506114558,51.31859508514606
2666,81.846,928,1114,112,1096,1119,418,694,1891.0,-0.7540820393614798,51.31859508514606
2667,88.269,1038,1224,222,1205,1229,528,804,1891.0,-0.7527438281115036,51.31859508514604
2668,59.252,612,932,363,780,810,102,378,1891.0,-0.7514056168615277,51.31859508514606
2669,2.009,653,743,555,596,627,103,419,1891.0,-0.7500674056115516,51.31859508514606
2670,18.373,700,703,596,549,598,139,466,1891.0,-0.7487291943615759,51.31859508514605
2671,8.349,845,735,753,510,441,296,611,1891.0,-0.7473909831115997,51.31859508514606
2672,7.16,913,731,825,450,381,368,683,1891.0,-0.7460527718616239,51.31859508514605
2673,15.902,866,656,831,375,306,495,821,1891.0,-0.7447145606116478,51.31859508514606
2674,17.986,618,384,606,233,164,223,698,1891.0,-0.7433763493616715,51.31859508514605
2675,40.0,465,245,442,76,367,59,560,1891.0,-0.7420381381116955,51.318595085146065
2676,42.655,400,273,365,36,382,58,588,1891.0,-0.7406999268617196,51.31859508514604
2677,5.662,216,281,200,198,367,168,609,1891.0,-0.7393617156117437,51.31859508514605
2678,5.949,165,284,142,254,419,239,645,1891.0,-0.7380235043617677,51.31859508514606
2679,7.7,252,406,34,367,532,228,769,1891.0,-0.7366852931117917,51.31859508514606
2680,16.977,387,542,147,507,672,287,904,1891.0,-0.7353470818618157,51.318595085146065
2681,79.184,499,654,258,566,783,190,1016,1891.0,-0.7340088706118398,51.31859508514606
2682,66.829,594,748,353,541,878,210,1111,1891.0,-0.7326706593618637,51.31859508514606
2683,57.86,732,841,522,632,1035,301,1146,1891.0,-0.7313324481118876,51.318595085146065
2684,46.041,796,860,542,656,1119,400,1166,1891.0,-0.7299942368619117,51.31859508514605
2685,37.935,847,934,382,707,1193,470,1240,1891.0,-0.7286560256119357,51.31859508514606
2686,22.986,854,910,319,771,1279,534,1327,1891.0,-0.7273178143619595,51.318595085146065
2687,32.945,772,829,391,909,1417,662,1465,1891.0,-0.7259796031119836,51.31859508514606
2688,43.158,683,740,379,941,1450,611,1498,1891.0,-0.7246413918620075,51.31859508514606
2689,35.046,620,677,346,971,1506,548,1573,1891.0,-0.7233031806120317,51.31859508514606
2690,94.443,509,566,235,860,1395,437,1766,1891.0,-0.7219649693620556,51.31859508514605
2691,0.0,586,643,312,921,1473,514,1694,1891.0,-0.7206267581120795,51.318595085146065
2692,0.0,684,738,411,1021,1570,600,1867,1891.0,-0.7192885468621036,51.31859508514606
2693,0.0,807,862,535,1138,1694,712,1976,1891.0,-0.7179503356121277,51.31859508514606
2694,0.0,818,872,545,1149,1704,723,1982,1891.0,-0.7166121243621517,51.318595085146065
2695,0.0,1069,845,796,1268,1800,671,1821,1891.0,-0.7152739131121756,51.31859508514606
2696,0.0,1069,845,796,1268,1800,671,1821,1891.0,-0.7139357018621996,51.31859508514605
2697,0.0,1190,965,917,1328,1679,791,1700,1891.0,-0.7125974906122235,51.318595085146065
2698,0.0,1338,1114,1066,1476,1530,940,1552,1891.0,-0.7112592793622475,51.31859508514606
2699,0.0,1386,1162,1114,1445,1482,935,1504,1891.0,-0.7099210681122714,51.31859508514606
2700,0.0,1077,1058,938,989,1302,1375,1268,1891.0,-0.788865048598827,51.317630237790254
2701,0.0,1077,1058,938,989,1302,1375,1268,1891.0,-0.7875268551321625,51.31763023779027
2702,0.0,966,947,827,971,1191,1353,1158,1891.0,-0.7861886616654975,51.31763023779027
2703,0.0,1012,993,685,1017,1237,1197,1203,1891.0,-0.784850468198833,51.31763023779027
2704,0.0,874,855,547,879,1099,1335,1065,1891.0,-0.7835122747321684,51.31763023779027
2705,2.487,972,346,163,662,749,1124,700,1891.0,-0.7794976943321744,51.31763023779027
2706,0.055,917,261,249,577,664,1210,615,1891.0,-0.7781595008655094,51.317630237790254
2707,10.036,1246,325,760,899,986,1161,448,1891.0,-0.7714685335321861,51.31763023779027
2708,23.189,1367,445,639,1020,1107,1040,327,1891.0,-0.7701303400655215,51.317630237790254
2709,32.218,1379,531,554,1081,1122,955,242,1891.0,-0.7687921465988568,51.31763023779026
2710,25.766,1449,695,394,922,962,1025,88,1891.0,-0.7674539531321923,51.31763023779027
2711,63.938,1532,779,507,1034,1075,1108,213,1891.0,-0.7661157596655276,51.317630237790254
2712,33.197,1583,829,507,1034,1075,1159,264,1891.0,-0.7647775661988628,51.31763023779027
2713,0.238,1502,1931,2049,881,1380,1320,1582,1891.0,-0.7621011792655334,51.317630237790254
2714,0.0,1095,1742,1716,722,722,662,1538,1891.0,-0.7607629857988688,51.31763023779026
2715,0.356,1104,1751,1725,731,731,671,1495,1891.0,-0.7594247923322041,51.31763023779027
2716,0.463,1160,1758,1781,720,787,727,1421,1891.0,-0.7580865988655395,51.317630237790254
2717,36.778,1072,1205,169,1165,1165,635,912,1891.0,-0.7567484053988748,51.317630237790254
2718,61.774,1079,1265,212,1226,1226,569,845,1891.0,-0.7554102119322103,51.31763023779027
2719,44.521,1078,1264,214,1228,1228,568,844,1891.0,-0.7540720184655453,51.317630237790254
2720,4.789,1119,1030,1014,875,947,556,885,1891.0,-0.7527338249988809,51.31763023779027
2721,16.113,1040,951,935,796,868,477,806,1891.0,-0.7513956315322159,51.317630237790254
2722,19.089,748,759,642,604,659,185,514,1891.0,-0.7500574380655515,51.31763023779027
2723,4.157,759,636,664,495,573,208,524,1891.0,-0.7487192445988866,51.317630237790254
2724,0.588,799,589,706,458,566,227,535,1891.0,-0.747381051132222,51.317630237790254
2725,0.797,949,580,1002,449,574,217,525,1891.0,-0.7460428576655576,51.31763023779027
2726,8.079,949,580,1002,449,574,217,525,1891.0,-0.7447046641988927,51.31763023779027
2727,3.395,439,208,428,115,450,69,522,1891.0,-0.7420282772655633,51.317630237790254
2728,3.709,331,99,373,176,430,53,426,1891.0,-0.7406900837988987,51.31763023779027
2729,30.764,190,171,243,306,504,189,533,1891.0,-0.7393518903322339,51.317630237790254
2730,23.433,0,355,254,395,560,370,717,1891.0,-0.7380136968655693,51.31763023779027
2731,4.651,210,460,150,440,605,368,776,1891.0,-0.7366755033989046,51.31763023779027
2732,22.162,395,549,154,514,679,345,911,1891.0,-0.7353373099322399,51.317630237790254
2733,26.163,500,655,260,620,785,410,1017,1891.0,-0.7339991164655755,51.31763023779027
2734,30.189,614,724,372,681,897,304,1030,1891.0,-0.7326609229989105,51.31763023779027
2735,44.934,712,776,533,683,1034,363,1082,1891.0,-0.7313227295322459,51.317630237790254
2736,36.333,756,821,501,726,1079,470,1127,1891.0,-0.7299845360655811,51.31763023779026
2737,16.646,914,978,315,774,1237,537,1284,1891.0,-0.7286463425989165,51.31763023779027
2738,22.142,889,922,199,847,1245,653,1292,1891.0,-0.7273081491322517,51.317630237790254
2739,34.211,850,907,251,921,1297,707,1344,1891.0,-0.7259699556655872,51.31763023779027
2740,43.312,815,871,309,843,1354,743,1402,1891.0,-0.7246317621989226,51.31763023779027
2741,67.141,743,799,399,891,1445,670,1492,1891.0,-0.7232935687322579,51.31763023779027
2742,3.948,623,680,349,975,1510,551,1582,1891.0,-0.721955375265593,51.31763023779026
2743,0.031,644,701,370,868,1527,572,1664,1891.0,-0.7206171817989285,51.317630237790254
2744,0.0,771,825,498,937,1638,680,1816,1891.0,-0.7192789883322639,51.31763023779027
2745,0.0,837,891,565,955,1671,753,1882,1891.0,-0.717940794865599,51.31763023779027
2746,0.0,908,962,635,1009,1724,828,1953,1891.0,-0.7166026013989343,51.317630237790254
2747,0.0,1069,845,796,1268,1800,671,1821,1891.0,-0.7152644079322698,51.31763023779025
2748,0.0,1069,845,796,1268,1800,671,1821,1891.0,-0.713926214465605,51.31763023779026
2749,0.0,1251,1027,979,1389,1645,853,1667,1891.0,-0.7125880209989403,51.317630237790254
2750,0.0,1251,1027,979,1389,1645,853,1667,1891.0,-0.7112498275322757,51.31763023779027
2751,0.0,1443,1219,1170,1531,1764,1045,1786,1891.0,-0.7099116340656111,51.317630237790254
2752,0.0,1152,1133,1013,969,1377,1450,1343,1891.0,-0.7888545659291156,51.31666539790619
2753,0.0,1077,1058,938,989,1302,1375,1268,1891.0,-0.7875163902447574,51.31666539790619
2754,0.0,933,914,794,938,1158,1387,1124,1891.0,-0.786178214560399,51.316665397906185
2755,0.0,780,761,641,785,1005,1429,971,1891.0,-0.7848400388760411,51.31666539790618
2756,0.0,874,855,547,879,1099,1335,1065,1891.0,-0.783501863191683,51.31666539790619
2757,3.627,753,425,413,741,828,1374,779,1891.0,-0.7808255118229667,51.31666539790619
2758,25.348,870,542,530,858,945,1491,896,1891.0,-0.7794873361386087,51.316665397906185
2759,51.513,822,158,371,474,561,1331,513,1891.0,-0.7781491604542504,51.31666539790618
2760,1.843,792,129,381,445,532,1342,483,1891.0,-0.7768109847698925,51.31666539790619
2761,1.583,950,28,539,603,690,1449,641,1891.0,-0.7754728090855343,51.316665397906185
2762,13.973,1078,156,666,730,817,1329,617,1891.0,-0.7741346334011762,51.31666539790618
2763,25.909,1078,156,666,730,817,1329,617,1891.0,-0.7727964577168182,51.31666539790619
2764,39.956,1097,725,391,540,581,2126,502,1891.0,-0.7714582820324599,51.316665397906185
2765,33.267,1199,807,302,622,663,2207,584,1891.0,-0.7701201063481019,51.316665397906185
2766,13.27,1461,707,379,906,947,1037,95,1891.0,-0.7674437549793857,51.31666539790619
2767,32.345,1441,773,316,843,884,1103,18,1891.0,-0.7661055792950274,51.316665397906185
2768,52.366,1364,857,239,766,807,1187,93,1891.0,-0.7647674036106692,51.316665397906185
2769,12.358,1560,1088,435,962,1003,1417,323,1891.0,-0.7634292279263112,51.31666539790618
2770,6.782,1602,1830,1948,780,1480,1307,1481,1891.0,-0.7620910522419531,51.31666539790619
2771,0.242,1651,1784,1902,733,1487,1260,1435,1891.0,-0.7607528765575949,51.316665397906185
2772,0.317,1113,1300,247,1261,1261,603,880,1891.0,-0.7554001738201624,51.31666539790619
2773,6.718,1227,1139,1122,983,1055,665,994,1891.0,-0.7540619981358043,51.31666539790619
2774,17.041,1078,989,973,834,906,515,844,1891.0,-0.7527238224514462,51.31666539790619
2775,13.446,1048,959,943,804,876,486,814,1891.0,-0.751385646767088,51.316665397906185
2776,5.974,1134,782,1043,619,743,409,691,1891.0,-0.7500474710827298,51.316665397906185
2777,2.821,1019,650,915,486,612,294,563,1891.0,-0.7487092953983718,51.31666539790618
2778,1.932,884,523,813,359,484,165,435,1891.0,-0.7473711197140136,51.31666539790619
2779,0.174,741,372,795,237,362,10,313,1891.0,-0.7460329440296556,51.31666539790619
2780,0.0,682,313,736,172,297,0,248,1891.0,-0.7446947683452972,51.316665397906185
2781,0.0,510,135,563,157,226,116,220,1891.0,-0.7433565926609392,51.316665397906185
2782,9.413,399,20,452,261,332,8,326,1891.0,-0.7420184169765811,51.316665397906185
2783,15.976,335,67,388,216,388,72,393,1891.0,-0.7406802412922232,51.31666539790619
2784,33.667,300,73,353,347,436,212,484,1891.0,-0.7393420656078649,51.316665397906185
2785,36.328,353,284,407,437,647,302,647,1891.0,-0.7380038899235067,51.31666539790618
2786,29.0,130,364,279,525,599,475,646,1891.0,-0.7366657142391485,51.316665397906185
2787,36.357,437,324,462,537,583,583,630,1891.0,-0.7353275385547905,51.31666539790618
2788,28.804,349,413,373,448,671,615,719,1891.0,-0.7339893628704325,51.316665397906185
2789,42.807,497,562,319,525,820,466,868,1891.0,-0.7326511871860741,51.316665397906185
2790,39.827,555,619,277,582,877,549,925,1891.0,-0.7313130115017162,51.316665397906185
2791,20.049,620,630,106,647,943,684,990,1891.0,-0.7299748358173579,51.316665397906185
2792,6.283,722,730,0,749,1045,786,1093,1891.0,-0.7286366601329998,51.316665397906185
2793,26.801,855,863,132,801,1177,720,1225,1891.0,-0.7272984844486419,51.316665397906185
2794,35.482,925,871,202,754,1248,795,1295,1891.0,-0.7259603087642836,51.31666539790619
2795,85.983,892,884,320,767,1359,820,1413,1891.0,-0.7246221330799256,51.31666539790618
2796,76.358,865,868,393,775,1426,793,1486,1891.0,-0.7232839573955673,51.316665397906185
2797,35.514,810,820,536,702,1417,737,1717,1891.0,-0.7219457817112092,51.316665397906185
2798,0.0,805,824,531,707,1422,733,1722,1891.0,-0.7206076060268511,51.316665397906185
2799,0.0,906,942,633,824,1539,833,1839,1891.0,-0.7192694303424929,51.316665397906185
2800,0.0,818,872,546,912,1627,746,1863,1891.0,-0.7179312546581349,51.316665397906185
2801,0.0,1024,1078,751,1062,1777,943,2069,1891.0,-0.7165930789737766,51.31666539790618
2802,0.0,1121,1175,848,1165,1880,1040,1984,1891.0,-0.7152549032894188,51.31666539790619
2803,0.0,1128,1182,856,1178,1893,1048,1971,1891.0,-0.7139167276050604,51.316665397906185
2804,0.0,1248,1211,976,1294,1829,1037,1850,1891.0,-0.7125785519207024,51.316665397906185
2805,0.0,1515,1298,1243,1452,1786,1124,1808,1891.0,-0.7112403762363442,51.316665397906185
2806,0.01,1479,1258,1207,1491,1775,1084,1797,1891.0,-0.7099022005519862,51.31666539790619
2807,0.0,1167,1221,905,825,1466,1538,1432,1891.0,-0.7888440838516729,51.315700565493465
2808,0.0,780,761,641,785,1005,1429,971,1891.0,-0.7848296101425042,51.31570056549348
2809,0.0,728,709,643,733,953,1481,919,1891.0,-0.783491452239448,51.31570056549348
2810,0.286,623,579,567,628,848,1528,814,1891.0,-0.7821532943363916,51.31570056549348
2811,14.784,719,458,447,724,862,1407,813,1891.0,-0.7808151364333353,51.31570056549348
2812,49.063,870,542,530,858,945,1491,896,1891.0,-0.7794769785302791,51.31570056549348
2813,46.898,870,542,530,858,945,1491,896,1891.0,-0.7781388206272228,51.31570056549347
2814,61.33,792,129,381,445,532,1342,483,1891.0,-0.7768006627241667,51.315700565493486
2815,64.381,760,525,486,413,500,1839,451,1891.0,-0.7754625048211102,51.31570056549348
2816,65.389,979,57,568,632,719,1428,670,1891.0,-0.774124346918054,51.315700565493486
2817,21.301,909,537,265,352,393,1938,314,1891.0,-0.7727861890149977,51.315700565493486
2818,42.854,940,569,234,384,425,1969,346,1891.0,-0.7714480311119413,51.31570056549347
2819,49.053,1036,643,138,458,499,2044,420,1891.0,-0.7701098732088852,51.315700565493486
2820,43.573,1339,871,214,741,782,1200,111,1891.0,-0.7660953994997165,51.31570056549348
2821,19.587,1372,892,247,774,815,1222,128,1891.0,-0.7647572415966601,51.315700565493486
2822,7.452,1501,1034,376,903,943,1363,269,1891.0,-0.7634190836936039,51.31570056549347
2823,19.663,1587,1114,461,989,1029,1444,350,1891.0,-0.7620809257905476,51.315700565493486
2824,1.02,1719,1714,1832,664,1424,1191,1365,1891.0,-0.7607427678874913,51.31570056549348
2825,2.29,1774,1658,1776,608,1368,1135,1309,1891.0,-0.7594046099844352,51.31570056549348
2826,0.0,1541,1376,1467,338,1098,865,1039,1891.0,-0.7553901362752662,51.31570056549348
2827,2.003,1523,1400,1490,362,1115,888,1063,1891.0,-0.7540519783722099,51.31570056549348
2828,14.367,1605,1323,1414,285,1046,812,987,1891.0,-0.7527138204691538,51.315700565493486
2829,7.805,1010,921,905,766,838,448,777,1891.0,-0.7513756625660973,51.31570056549348
2830,10.086,1110,741,1019,577,703,385,654,1891.0,-0.7500375046630411,51.31570056549348
2831,4.648,1072,703,986,538,665,347,616,1891.0,-0.7486993467599848,51.315700565493486
2832,5.05,1072,704,991,537,665,347,616,1891.0,-0.7473611888569285,51.31570056549348
2833,14.584,1064,695,982,529,657,339,608,1891.0,-0.7460230309538725,51.315700565493486
2834,1.836,651,275,704,99,229,52,180,1891.0,-0.744684873050816,51.31570056549348
2835,10.385,579,204,633,104,190,98,163,1891.0,-0.7433467151477597,51.315700565493486
2836,76.416,540,185,593,419,373,324,420,1891.0,-0.7420085572447034,51.315700565493465
2837,56.249,469,114,523,337,298,247,346,1891.0,-0.7406703993416474,51.315700565493486
2838,28.319,495,93,549,268,221,221,269,1891.0,-0.7393322414385908,51.31570056549348
2839,15.395,690,116,744,422,375,375,423,1891.0,-0.7379940835355348,51.315700565493486
2840,8.157,761,201,815,479,459,459,506,1891.0,-0.7366559256324784,51.315700565493486
2841,25.119,437,324,462,537,583,583,630,1891.0,-0.735317767729422,51.31570056549347
2842,40.352,369,413,373,448,671,615,719,1891.0,-0.733979609826366,51.315700565493486
2843,84.944,430,494,348,401,753,591,800,1891.0,-0.7326414519233094,51.31570056549347
2844,88.295,624,578,236,645,947,688,995,1891.0,-0.7313032940202533,51.315700565493486
2845,89.891,666,584,192,668,966,730,1036,1891.0,-0.729965136117197,51.31570056549348
2846,54.25,745,546,235,658,975,809,1115,1891.0,-0.7286269782141409,51.315700565493486
2847,51.907,840,691,330,749,1120,904,1210,1891.0,-0.7272888203110843,51.315700565493465
2848,49.073,917,748,376,665,1198,951,1288,1891.0,-0.7259506624080282,51.31570056549348
2849,15.688,1003,731,315,614,1290,908,1380,1891.0,-0.7246125045049719,51.315700565493486
2850,3.682,988,696,524,579,1294,916,1547,1891.0,-0.7232743466019157,51.31570056549348
2851,0.052,940,697,525,580,1295,868,1590,1891.0,-0.7219361886988593,51.315700565493486
2852,0.0,844,812,570,694,1409,772,1709,1891.0,-0.720598030795803,51.31570056549347
2853,0.0,1099,880,713,763,1478,1027,1778,1891.0,-0.719259872892747,51.315700565493486
2854,0.0,1046,1010,773,893,1608,974,1908,1891.0,-0.7179217149896906,51.315700565493486
2855,0.0,1263,1177,991,1059,1774,1191,2074,1891.0,-0.715245399183578,51.31570056549348
2856,0.0,1219,1272,946,1155,1862,1138,1995,1891.0,-0.7139072412805219,51.315700565493486
2857,0.0,1298,1352,1026,1235,1940,1218,2063,1891.0,-0.7125690833774655,51.315700565493486
2858,0.0,1515,1298,1243,1452,1786,1124,1808,1891.0,-0.7098927675713528,51.31570056549348
2859,0.0,834,815,782,702,1059,1730,1025,1891.0,-0.784819181998174,51.31473574055177
2860,0.0,669,650,638,674,894,1599,860,1891.0,-0.7834810418754149,51.31473574055177
2861,0.0,627,608,596,632,852,1556,818,1891.0,-0.7821429017526557,51.31473574055177
2862,42.842,554,319,549,206,293,1581,244,1891.0,-0.7767903412616196,51.31473574055176
2863,63.152,700,465,474,352,440,1779,391,1891.0,-0.7754522011388605,51.31473574055177
2864,71.099,822,587,352,439,480,1901,401,1891.0,-0.7741140610161016,51.31473574055176
2865,72.307,871,575,303,390,431,1938,352,1891.0,-0.7727759208933426,51.31473574055176
2866,44.09,886,512,226,328,368,1913,289,1891.0,-0.7714377807705836,51.314735740551754
2867,28.69,1019,606,42,421,462,2007,383,1891.0,-0.7700996406478244,51.31473574055176
2868,39.904,1060,647,41,462,503,2048,424,1891.0,-0.7687615005250655,51.31473574055177
2869,18.657,1125,711,0,527,567,1414,325,1891.0,-0.7674233604023064,51.31473574055176
2870,63.869,1241,828,116,643,684,1352,262,1891.0,-0.7660852202795473,51.314735740551754
2871,31.906,1565,1098,440,967,1008,1427,334,1891.0,-0.7647470801567883,51.31473574055176
2872,33.418,1547,1080,422,949,990,1410,316,1891.0,-0.7634089400340294,51.31473574055176
2873,2.318,1587,1114,461,989,1029,1444,350,1891.0,-0.7620707999112702,51.31473574055176
2874,2.389,1718,1013,306,865,1161,1278,482,1891.0,-0.7607326597885112,51.31473574055177
2875,12.826,1853,1579,1697,529,1289,1056,1230,1891.0,-0.7593945196657522,51.31473574055177
2876,0.719,1968,1422,1540,372,1132,899,1073,1891.0,-0.7580563795429931,51.31473574055177
2877,0.785,1968,1422,1540,372,1132,899,1073,1891.0,-0.7567182394202341,51.31473574055176
2878,1.238,1580,1337,1428,300,1060,826,1001,1891.0,-0.7553800992974752,51.314735740551775
2879,3.944,1630,1297,1388,259,1019,786,960,1891.0,-0.754041959174716,51.31473574055177
2880,4.089,1705,1223,1314,185,945,712,887,1891.0,-0.7527038190519572,51.31473574055176
2881,12.672,1260,892,1169,728,853,535,804,1891.0,-0.751365678929198,51.31473574055177
2882,12.78,1172,803,1081,640,765,447,716,1891.0,-0.750027538806439,51.31473574055177
2883,6.905,1125,746,1179,230,289,201,230,1891.0,-0.7486893986836798,51.31473574055176
2884,1.963,1146,777,1054,613,739,421,690,1891.0,-0.747351258560921,51.31473574055176
2885,11.858,798,422,851,159,233,175,259,1891.0,-0.7460131184381618,51.31473574055176
2886,9.553,682,306,735,67,197,73,163,1891.0,-0.7446749783154027,51.31473574055176
2887,27.505,693,294,747,25,86,25,38,1891.0,-0.7433368381926438,51.31473574055177
2888,30.845,683,242,736,121,69,69,118,1891.0,-0.7419986980698848,51.31473574055176
2889,68.115,565,116,619,218,173,173,220,1891.0,-0.7406605579471257,51.314735740551754
2890,17.003,543,57,596,261,218,218,266,1891.0,-0.7393224178243666,51.31473574055176
2891,26.668,700,217,754,309,366,366,414,1891.0,-0.7379842777016078,51.31473574055176
2892,31.792,819,283,873,399,487,487,535,1891.0,-0.7366461375788486,51.31473574055177
2893,60.514,676,504,628,121,653,653,700,1891.0,-0.7353079974560895,51.314735740551754
2894,68.51,596,584,548,201,685,733,780,1891.0,-0.7339698573333306,51.31473574055177
2895,87.386,545,547,497,323,750,739,903,1891.0,-0.7326317172105715,51.31473574055176
2896,77.332,678,499,412,507,839,787,1042,1891.0,-0.7312935770878125,51.31473574055176
2897,99.863,793,422,308,535,851,860,1157,1891.0,-0.7299554369650535,51.31473574055177
2898,16.922,857,709,348,821,1138,922,1228,1891.0,-0.7286172968422945,51.31473574055177
2899,15.286,1279,795,626,677,1393,1219,1650,1891.0,-0.7272791567195352,51.314735740551754
2900,36.812,1227,743,574,625,1340,1166,1598,1891.0,-0.7259410165967765,51.31473574055177
2901,6.784,1087,643,443,525,1240,1025,1466,1891.0,-0.7246028764740173,51.31473574055176
2902,1.495,1096,570,541,453,1168,1023,1500,1891.0,-0.7232647363512582,51.314735740551754
2903,0.0,1330,904,918,787,1502,1258,1785,1891.0,-0.7192503159829812,51.31473574055177
2904,0.0,1187,1029,894,912,1627,1114,1899,1891.0,-0.7179121758602222,51.314735740551754
2905,0.0,1212,1023,920,905,1620,1140,1874,1891.0,-0.7165740357374631,51.314735740551754
2906,0.0,1314,1226,1041,1108,1759,1233,1897,1891.0,-0.715235895614704,51.314735740551754
2907,0.0,1281,1258,1008,1141,1792,1200,1930,1891.0,-0.713897755491945,51.31473574055177
2908,0.0,1394,1382,1121,1265,1809,1313,1946,1891.0,-0.712559615369186,51.31473574055176
2909,0.0,935,1218,673,593,1381,1771,1347,1891.0,-0.7888231214734005,51.313770923080675
2910,0.0,939,937,677,597,1181,1780,1147,1891.0,-0.786146876786468,51.313770923080675
2911,0.0,874,855,696,616,1099,1804,1066,1891.0,-0.7848087544430016,51.31377092308068
2912,0.0,296,358,830,301,521,1830,487,1891.0,-0.7794562650691363,51.31377092308068
2913,34.633,435,348,753,292,452,1795,411,1891.0,-0.7781181427256699,51.313770923080675
2914,39.003,491,256,559,174,275,1643,226,1891.0,-0.7767800203822035,51.313770923080675
2915,58.643,609,374,442,261,348,1688,299,1891.0,-0.7754418980387372,51.313770923080675
2916,121.818,656,332,408,160,238,1778,189,1891.0,-0.7741037756952709,51.31377092308068
2917,100.679,746,511,304,357,398,1825,319,1891.0,-0.7727656533518046,51.313770923080675
2918,34.669,842,429,191,244,284,1829,206,1891.0,-0.7714275310083383,51.313770923080675
2919,28.82,890,477,234,292,333,1649,254,1891.0,-0.7700894086648717,51.31377092308068
2920,100.737,1054,641,48,456,497,2042,418,1891.0,-0.7687512863214057,51.313770923080675
2921,73.455,1125,711,0,527,567,1414,325,1891.0,-0.7674131639779392,51.31377092308068
2922,48.136,1525,1111,183,941,981,1544,450,1891.0,-0.766075041634473,51.313770923080675
2923,15.211,1534,1060,91,950,991,1563,542,1891.0,-0.7647369192910066,51.313770923080675
2924,8.227,1589,964,45,1005,1046,1536,590,1891.0,-0.7633987969475403,51.313770923080675
2925,53.262,1806,907,376,857,1249,1270,532,1891.0,-0.7607225522606077,51.313770923080675
2926,27.377,1790,954,376,795,1232,1209,552,1891.0,-0.7593844299171414,51.31377092308068
2927,4.076,1968,1422,1540,372,1132,899,1073,1891.0,-0.758046307573675,51.313770923080675
2928,3.059,1942,1396,1514,346,1106,873,1047,1891.0,-0.7567081852302084,51.313770923080675
2929,5.582,1846,1316,1407,278,1038,805,979,1891.0,-0.7553700628867422,51.313770923080675
2930,4.415,1724,1222,1313,184,945,711,886,1891.0,-0.754031940543276,51.313770923080675
2931,5.174,1674,1116,1207,78,838,605,779,1891.0,-0.7526938181998095,51.313770923080675
2932,2.997,1788,1255,1597,468,996,798,973,1891.0,-0.7513556958563433,51.313770923080675
2933,3.173,1125,746,1179,230,289,201,230,1891.0,-0.7486794511694106,51.31377092308068
2934,12.113,1092,713,1146,197,256,168,197,1891.0,-0.7473413288259443,51.313770923080675
2935,41.912,1044,664,1098,149,208,120,149,1891.0,-0.7460032064824781,51.31377092308068
2936,11.088,780,400,833,21,57,29,95,1891.0,-0.7446650841390118,51.313770923080675
2937,25.301,804,387,858,72,119,73,95,1891.0,-0.7433269617955456,51.31377092308069
2938,75.349,733,284,786,163,119,119,165,1891.0,-0.741988839452079,51.31377092308068
2939,114.928,803,354,856,234,189,189,235,1891.0,-0.7406507171086126,51.313770923080675
2940,59.38,835,352,889,300,466,466,511,1891.0,-0.7393125947651464,51.313770923080675
2941,55.416,737,254,748,136,402,402,450,1891.0,-0.7379744724216802,51.31377092308068
2942,76.876,783,400,735,21,549,549,597,1891.0,-0.7366363500782136,51.313770923080675
2943,85.618,738,442,690,59,591,591,638,1891.0,-0.7352982277347474,51.31377092308068
2944,65.855,718,547,656,272,563,804,851,1891.0,-0.7339601053912811,51.313770923080675
2945,63.908,628,496,508,406,704,822,986,1891.0,-0.7326219830478149,51.313770923080675
2946,81.081,631,470,508,409,677,825,989,1891.0,-0.7312838607043485,51.313770923080675
2947,76.19,762,338,391,451,770,922,1120,1891.0,-0.729945738360882,51.313770923080675
2948,26.873,968,266,609,378,700,1139,1143,1891.0,-0.7286076160174157,51.313770923080675
2949,14.36,987,285,628,397,719,1158,1162,1891.0,-0.7272694936739496,51.31377092308068
2950,38.472,1269,784,615,667,1382,1208,1639,1891.0,-0.7259313713304831,51.313770923080675
2951,62.917,1058,242,733,289,909,1488,1338,1891.0,-0.7245932489870167,51.313770923080675
2952,6.032,1091,467,579,350,1065,1090,1398,1891.0,-0.7232551266435504,51.313770923080675
2953,0.0,1253,677,691,559,1274,1181,1607,1891.0,-0.7219170043000843,51.313770923080675
2954,0.0,1279,754,768,637,1352,1207,1684,1891.0,-0.7205788819566177,51.313770923080675
2955,0.0,1356,855,869,738,1453,1284,1760,1891.0,-0.7192407596131515,51.313770923080675
2956,0.0,1212,1023,920,905,1620,1140,1874,1891.0,-0.7179026372696852,51.313770923080675
2957,0.0,1401,1159,1107,1042,1556,1328,1694,1891.0,-0.7165645149262189,51.31377092308068
2958,0.0,1401,1159,1107,1042,1556,1328,1694,1891.0,-0.7152263925827524,51.313770923080675
2959,0.0,1413,1325,1141,1208,1752,1333,1889,1891.0,-0.713888270239286,51.313770923080675
2960,0.0,1430,1404,1158,1287,1816,1350,1954,1891.0,-0.7125501478958197,51.31377092308068
2961,0.0,1467,1427,1195,1309,1823,1387,1961,1891.0,-0.7112120255523535,51.313770923080675
2962,0.0,1558,1530,1285,1412,1926,1478,2064,1891.0,-0.7098739032088873,51.31377092308068
2963,0.0,862,1144,599,520,1308,1844,1274,1891.0,-0.7888126411724733,51.31280611307987
2964,0.0,762,1044,499,420,1208,1944,1174,1891.0,-0.787474536607295,51.31280611307987
2965,0.0,829,992,591,511,1236,1888,1202,1891.0,-0.786136432042117,51.31280611307987
2966,0.0,874,855,696,616,1099,1804,1066,1891.0,-0.7847983274769389,51.312806113079866
2967,0.0,346,629,651,476,792,1861,759,1891.0,-0.7821221183465829,51.31280611307987
2968,0.0,217,499,781,443,663,1972,629,1891.0,-0.7807840137814048,51.31280611307987
2969,16.114,149,448,825,392,612,1978,578,1891.0,-0.7794459092162266,51.312806113079866
2970,44.11,316,262,734,206,426,1818,392,1891.0,-0.7781078046510486,51.312806113079866
2971,19.072,345,233,705,177,397,1789,363,1891.0,-0.7767697000858707,51.31280611307987
2972,125.762,547,148,615,38,148,1856,217,1891.0,-0.7754315955206925,51.31280611307987
2973,61.571,576,163,466,9,9,1874,69,1891.0,-0.7740934909555145,51.312806113079866
2974,50.884,673,260,434,75,116,1863,37,1891.0,-0.7727553863903364,51.31280611307987
2975,52.59,850,436,370,252,292,1785,213,1891.0,-0.7714172818251582,51.31280611307987
2976,61.346,932,519,286,334,375,1701,296,1891.0,-0.7700791772599802,51.312806113079866
2977,114.082,1055,641,475,471,511,1890,433,1891.0,-0.7687410726948021,51.31280611307987
2978,0.43,1456,1043,114,872,913,1613,519,1891.0,-0.7660648635644461,51.31280611307987
2979,32.473,1538,1015,5,954,995,1587,628,1891.0,-0.764726758999268,51.31280611307986
2980,22.849,1642,910,98,1058,1099,1540,536,1891.0,-0.7633886544340899,51.312806113079866
2981,65.907,1720,801,208,1018,1189,1431,427,1891.0,-0.7620505498689119,51.31280611307987
2982,81.068,1735,797,274,971,1216,1385,423,1891.0,-0.7607124453037337,51.31280611307987
2983,108.618,1836,833,435,910,1270,1323,459,1891.0,-0.7593743407385556,51.312806113079866
2984,35.65,1733,730,538,1012,1155,1401,356,1891.0,-0.7580362361733776,51.31280611307987
2985,7.941,1850,847,611,560,1080,973,644,1891.0,-0.7566981316081994,51.31280611307987
2986,17.048,1845,843,766,402,1048,815,640,1891.0,-0.7553600270430214,51.31280611307987
2987,15.652,1701,1129,1247,104,865,631,783,1891.0,-0.7540219224778434,51.31280611307987
2988,4.731,1644,1087,1173,50,808,574,749,1891.0,-0.7526838179126654,51.31280611307987
2989,21.178,1504,952,1152,97,668,435,609,1891.0,-0.7513457133474871,51.31280611307987
2990,1.865,1996,1463,1805,676,1204,1007,1181,1891.0,-0.7500076087823091,51.312806113079866
2991,0.132,1620,1164,1552,513,806,591,765,1891.0,-0.7486695042171311,51.31280611307987
2992,9.172,1032,652,1086,137,196,86,137,1891.0,-0.747331399651953,51.31280611307987
2993,43.019,969,590,1023,74,133,29,74,1891.0,-0.7459932950867749,51.312806113079866
2994,34.056,914,535,968,105,49,146,155,1891.0,-0.7446551905215968,51.31280611307987
2995,33.27,861,480,914,124,165,119,181,1891.0,-0.7433170859564189,51.31280611307986
2996,40.967,959,578,1012,222,263,218,279,1891.0,-0.7419789813912407,51.31280611307987
2997,103.153,887,426,941,352,310,310,356,1891.0,-0.7406408768260626,51.31280611307986
2998,102.958,869,386,923,334,413,413,459,1891.0,-0.7393027722608845,51.31280611307986
2999,39.611,812,329,673,141,463,478,525,1891.0,-0.7379646676957065,51.312806113079866
3000,90.235,827,344,657,157,464,493,541,1891.0,-0.7366265631305284,51.31280611307987
3001,76.559,841,423,633,344,440,876,924,1891.0,-0.7339503540001724,51.31280611307987
3002,66.896,817,496,668,595,659,1011,1175,1891.0,-0.7326122494349941,51.31280611307987
3003,72.826,784,362,634,475,525,978,1104,1891.0,-0.7312741448698162,51.31280611307987
3004,50.134,858,248,527,365,607,1055,1120,1891.0,-0.729936040304638,51.31280611307987
3005,77.816,830,139,505,254,562,1138,1005,1891.0,-0.7285979357394601,51.31280611307987
3006,74.351,876,50,551,165,637,1211,1073,1891.0,-0.727259831174282,51.31280611307987
3007,41.759,940,58,615,90,723,1304,1144,1891.0,-0.7259217266091038,51.31280611307987
3008,56.257,980,164,655,212,831,1410,1261,1891.0,-0.7245836220439258,51.31280611307987
3009,30.668,971,321,646,203,918,1244,1251,1891.0,-0.7232455174787478,51.31280611307987
3010,0.306,1019,369,693,252,967,1204,1300,1891.0,-0.7219074129135697,51.31280611307987
3011,1.042,1382,806,820,688,1403,1310,1736,1891.0,-0.7205693083483915,51.31280611307987
3012,1.275,1382,806,820,688,1403,1310,1736,1891.0,-0.7192312037832135,51.31280611307987
3013,0.047,1285,1013,960,896,1410,1466,1547,1891.0,-0.7178930992180355,51.31280611307987
3014,0.0,1398,1157,1105,1040,1554,1326,1692,1891.0,-0.7165549946528573,51.312806113079866
3015,0.0,1401,1159,1107,1042,1556,1328,1694,1891.0,-0.7152168900876793,51.31280611307987
3016,0.0,1521,1261,1209,1144,1658,1440,1796,1891.0,-0.7138787855225013,51.31280611307988
3017,0.0,1693,1453,1401,1336,1850,1613,1988,1891.0,-0.7098644718269671,51.312806113079866
3018,0.0,695,978,457,378,1141,2011,1108,1891.0,-0.7874640746757263,51.31184131054897
3019,0.0,779,1081,343,264,1233,2100,1221,1891.0,-0.7861259878878321,51.311841310548985
3020,0.0,346,629,651,476,792,1861,759,1891.0,-0.7821117275241495,51.311841310548985
3021,76.616,41,466,813,423,618,2085,667,1891.0,-0.7794355539483611,51.31184131054898
3022,85.484,586,201,822,145,365,1907,424,1891.0,-0.7780974671604669,51.31184131054897
3023,65.196,586,201,822,145,365,1907,424,1891.0,-0.7767593803725729,51.31184131054897
3024,40.789,414,25,635,22,178,1898,238,1891.0,-0.7754212935846788,51.311841310548985
3025,66.863,554,141,599,142,142,2017,202,1891.0,-0.7740832067967846,51.31184131054898
3026,92.804,857,444,469,445,445,1884,427,1891.0,-0.771407033220996,51.31184131054897
3027,55.271,986,573,406,402,443,1821,364,1891.0,-0.7700689464331021,51.31184131054898
3028,12.93,1099,686,351,515,556,1934,477,1891.0,-0.7687308596452077,51.31184131054898
3029,7.453,1167,754,283,583,624,1902,545,1891.0,-0.7673927728573137,51.31184131054898
3030,42.446,1521,775,310,961,1002,1599,447,1891.0,-0.7633785124936311,51.31184131054898
3031,58.588,1573,727,362,1013,1054,1547,399,1891.0,-0.762040425705737,51.311841310548985
3032,80.381,1693,690,319,1079,1240,1492,316,1891.0,-0.7607023389178427,51.31184131054897
3033,91.877,1604,601,407,1111,1244,1490,227,1891.0,-0.7593642521299485,51.31184131054898
3034,98.758,1524,521,488,1041,1163,1409,147,1891.0,-0.7580261653420545,51.31184131054898
3035,81.479,1775,772,695,472,1002,886,569,1891.0,-0.7566880785541602,51.31184131054897
3036,13.986,1693,690,779,566,921,980,488,1891.0,-0.755349991766266,51.31184131054897
3037,20.312,1732,995,918,249,896,662,793,1891.0,-0.7540119049783718,51.31184131054897
3038,7.647,1645,1020,1020,158,809,575,750,1891.0,-0.7526738181904775,51.31184131054898
3039,13.364,1584,938,1119,140,737,515,690,1891.0,-0.7513357314025835,51.31184131054897
3040,4.056,1377,859,1273,227,541,308,482,1891.0,-0.7499976446146891,51.31184131054898
3041,0.418,1165,786,1219,270,330,96,271,1891.0,-0.748659557826795,51.31184131054898
3042,12.176,1077,697,1130,182,241,22,182,1891.0,-0.7473214710389008,51.31184131054897
3043,51.155,1095,715,1148,200,259,133,200,1891.0,-0.7459833842510066,51.31184131054898
3044,48.007,1124,743,1177,258,317,207,258,1891.0,-0.7446452974631126,51.311841310548985
3045,90.373,1152,771,1206,323,382,287,338,1891.0,-0.7433072106752182,51.31184131054898
3046,58.651,1007,524,1060,309,350,304,366,1891.0,-0.7419691238873241,51.31184131054897
3047,4.827,1007,524,1060,309,350,304,366,1891.0,-0.7406310370994299,51.31184131054897
3048,55.807,950,318,528,344,335,868,891,1891.0,-0.733940603159959,51.311841310548985
3049,35.837,930,334,544,359,351,883,930,1891.0,-0.7326025163720647,51.31184131054897
3050,9.322,898,224,556,434,360,1125,953,1891.0,-0.7312644295841707,51.31184131054898
3051,9.193,800,208,475,325,473,1221,975,1891.0,-0.7299263427962764,51.31184131054897
3052,31.184,751,185,426,300,507,1201,926,1891.0,-0.7285882560083823,51.31184131054897
3053,39.205,824,92,499,163,639,1276,1027,1891.0,-0.727250169220488,51.31184131054897
3054,37.33,824,150,499,32,747,1373,1105,1891.0,-0.7259120824325938,51.31184131054897
3055,39.474,865,215,540,98,813,1351,1146,1891.0,-0.7245739956446999,51.31184131054898
3056,42.32,889,343,564,226,941,1324,1182,1891.0,-0.7232359088568057,51.311841310548985
3057,23.948,909,588,583,471,1186,1352,1202,1891.0,-0.7218978220689114,51.31184131054897
3058,10.974,1030,544,705,427,1142,1379,1324,1891.0,-0.7205597352810172,51.31184131054898
3059,0.192,1047,670,722,553,1172,1289,1309,1891.0,-0.719221648493123,51.31184131054897
3060,0.031,1285,1013,960,896,1410,1466,1547,1891.0,-0.7178835617052287,51.31184131054897
3061,0.0,1285,1013,960,896,1410,1466,1547,1891.0,-0.7165454749173348,51.31184131054898
3062,0.0,1296,1024,971,907,1421,1530,1558,1891.0,-0.7152073881294405,51.31184131054897
3063,0.0,1424,1152,1099,1035,1549,1550,1686,1891.0,-0.7138693013415462,51.31184131054897
3064,0.0,1641,1369,1316,1251,1765,1821,1903,1891.0,-0.7111931277657578,51.31184131054897
3065,0.0,1641,1369,1316,1251,1765,1821,1903,1891.0,-0.7098550409778637,51.31184131054898
3066,15.461,877,1179,232,314,1331,2360,1391,1891.0,-0.7887916823467936,51.310876515487635
3067,2.1,822,1124,181,259,1276,2341,1335,1891.0,-0.7874536133351792,51.31087651548764
3068,0.0,779,1081,343,264,1233,2100,1221,1891.0,-0.7861155443235646,51.31087651548764
3069,40.021,204,506,712,463,659,2332,718,1891.0,-0.7807632682771062,51.310876515487635
3070,80.846,30,394,741,350,546,2158,605,1891.0,-0.7794251992654916,51.31087651548764
3071,75.36,306,262,871,218,414,2128,473,1891.0,-0.778087130253877,51.310876515487635
3072,66.823,288,136,745,92,288,2002,347,1891.0,-0.7767490612422624,51.31087651548764
3073,77.531,375,65,673,17,217,1940,277,1891.0,-0.7754109922306478,51.31087651548764
3074,90.389,703,290,698,291,291,2113,350,1891.0,-0.7740729232190332,51.310876515487635
3075,91.531,728,315,548,316,316,1963,375,1891.0,-0.7727348542074186,51.31087651548764
3076,42.428,728,315,548,316,316,1963,375,1891.0,-0.7713967851958042,51.31087651548764
3077,42.247,1404,998,499,828,868,2118,789,1891.0,-0.7700587161841895,51.310876515487635
3078,56.595,1295,882,383,711,752,2002,673,1891.0,-0.768720647172575,51.31087651548764
3079,2.277,1201,788,265,617,658,1883,579,1891.0,-0.7673825781609603,51.310876515487635
3080,0.0,1320,762,130,736,777,1833,599,1891.0,-0.7660445091493457,51.31087651548764
3081,0.065,1350,736,119,767,808,1797,562,1891.0,-0.7647064401377314,51.31087651548764
3082,27.729,1422,719,287,916,987,1783,587,1891.0,-0.7633683711261168,51.310876515487635
3083,43.423,1550,621,381,1032,1073,1556,293,1891.0,-0.7620303021145021,51.31087651548764
3084,52.54,1470,542,470,1018,1162,1477,214,1891.0,-0.7606922331028875,51.31087651548764
3085,62.321,1515,586,489,1063,1181,1521,258,1891.0,-0.7593541640912729,51.310876515487635
3086,55.611,1495,492,548,1012,1134,1381,118,1891.0,-0.7580160950796584,51.310876515487635
3087,11.886,1596,593,861,651,825,1042,391,1891.0,-0.7553399570564292,51.31087651548764
3088,19.726,1573,632,1029,625,747,873,429,1891.0,-0.7540018880448146,51.31087651548764
3089,11.951,1571,681,1078,586,708,824,478,1891.0,-0.7526638190332001,51.310876515487635
3090,21.012,1501,717,1148,516,638,754,548,1891.0,-0.7513257500215856,51.31087651548764
3091,9.637,1390,784,1226,364,550,320,495,1891.0,-0.7499876810099708,51.31087651548764
3092,9.878,1442,756,1174,375,497,372,547,1891.0,-0.7486496119983563,51.310876515487635
3093,8.395,1299,794,1279,366,463,229,404,1891.0,-0.7473115429867417,51.31087651548764
3094,5.132,1358,770,1262,389,500,289,464,1891.0,-0.7459734739751271,51.310876515487635
3095,43.851,1193,813,1246,298,357,247,298,1891.0,-0.7446354049635124,51.31087651548764
3096,28.562,1166,785,1220,338,397,287,338,1891.0,-0.7432973359518981,51.31087651548764
3097,12.277,859,229,397,621,206,958,799,1891.0,-0.736606990893825,51.310876515487635
3098,4.399,822,173,361,508,169,845,763,1891.0,-0.7352689218822105,51.310876515487635
3099,10.836,777,81,318,526,124,863,718,1891.0,-0.7339308528705959,51.31087651548764
3100,10.026,884,70,427,587,231,992,824,1891.0,-0.7325927838589813,51.31087651548764
3101,12.707,653,324,428,548,232,1042,732,1891.0,-0.7312547148473667,51.310876515487635
3102,71.049,640,392,429,446,334,1029,719,1891.0,-0.7299166458357522,51.31087651548764
3103,68.265,616,323,291,377,505,1200,890,1891.0,-0.7285785768241377,51.31087651548764
3104,81.408,693,251,368,283,582,1277,967,1891.0,-0.727240507812523,51.310876515487635
3105,49.365,645,266,320,216,736,1237,926,1891.0,-0.7259024388009083,51.31087651548764
3106,41.912,859,339,534,221,884,1348,1152,1891.0,-0.7245643697892938,51.310876515487635
3107,33.833,736,430,411,313,1006,1226,1030,1891.0,-0.7232263007776795,51.31087651548764
3108,32.603,806,534,481,417,1098,1226,1100,1891.0,-0.7218882317660648,51.31087651548764
3109,76.101,898,626,573,508,1162,1279,1191,1891.0,-0.7205501627544502,51.310876515487635
3110,4.912,1000,704,675,586,1124,1242,1262,1891.0,-0.7192120937428357,51.31087651548764
3111,0.0,1148,875,823,758,1272,1389,1410,1891.0,-0.7178740247312209,51.31087651548764
3112,0.0,1148,875,823,758,1272,1389,1410,1891.0,-0.7165359557196064,51.310876515487635
3113,0.0,1272,1000,947,883,1397,1510,1534,1891.0,-0.7151978867079919,51.31087651548764
3114,0.0,1462,1190,1137,1072,1586,1660,1724,1891.0,-0.7138598176963773,51.31087651548764
3115,0.0,1434,1162,1109,1045,1559,1676,1696,1891.0,-0.7125217486847626,51.310876515487635
3116,0.0,1641,1369,1316,1251,1765,1821,1903,1891.0,-0.7111836796731481,51.31087651548764
3117,0.0,1641,1369,1316,1251,1765,1821,1903,1891.0,-0.7098456106615336,51.310876515487635
3118,68.426,880,1182,181,317,1334,2322,1394,1891.0,-0.7887812038219442,51.309911727895496
3119,108.529,767,1069,108,204,1221,2302,1280,1891.0,-0.787443152585605,51.309911727895496
3120,52.103,619,921,152,93,1073,2265,1132,1891.0,-0.7861051013492657,51.309911727895496
3121,0.115,566,868,205,29,1020,2217,1079,1891.0,-0.7847670501129266,51.30991172789549
3122,0.0,376,678,395,219,830,2293,889,1891.0,-0.7834289988765875,51.309911727895496
3123,17.694,376,678,395,219,830,2293,889,1891.0,-0.7820909476402481,51.30991172789549
3124,65.266,230,531,542,366,684,2357,743,1891.0,-0.780752896403909,51.309911727895496
3125,57.86,132,434,639,390,586,2259,645,1891.0,-0.7794148451675698,51.30991172789549
3126,75.024,157,267,806,224,419,2133,478,1891.0,-0.7780767939312307,51.309911727895496
3127,114.682,234,190,798,146,342,2056,401,1891.0,-0.7767387426948915,51.30991172789549
3128,79.983,528,208,569,147,360,2085,419,1891.0,-0.7754006914585525,51.309911727895496
3129,53.213,784,371,779,372,372,2194,431,1891.0,-0.7740626402222134,51.30991172789549
3130,74.164,1306,1024,597,891,966,2216,887,1891.0,-0.7713865377495348,51.309911727895496
3131,80.457,1404,998,499,828,868,2118,789,1891.0,-0.7700484865131955,51.30991172789549
3132,60.031,1323,955,456,785,825,2075,746,1891.0,-0.7687104352768563,51.30991172789549
3133,44.76,1247,834,335,663,704,1953,625,1891.0,-0.7673723840405173,51.30991172789549
3134,25.31,1259,831,0,742,908,1909,675,1891.0,-0.7660343328041781,51.309911727895496
3135,27.889,1279,705,181,770,888,1852,618,1891.0,-0.764696281567839,51.309911727895496
3136,46.042,1278,602,261,821,967,1830,679,1891.0,-0.7633582303314999,51.309911727895496
3137,43.978,1304,610,349,851,1055,1837,727,1891.0,-0.7620201790951607,51.30991172789549
3138,58.784,1342,529,497,890,1156,1610,423,1891.0,-0.7606821278588214,51.309911727895496
3139,53.995,1398,426,613,931,1077,1323,61,1891.0,-0.7593440766224823,51.309911727895496
3140,68.358,1351,348,661,868,990,1236,26,1891.0,-0.7580060253861431,51.309911727895496
3141,77.039,1382,379,812,717,839,1085,176,1891.0,-0.7566679741498039,51.309911727895496
3142,53.736,1510,507,923,638,760,987,305,1891.0,-0.7553299229134649,51.309911727895496
3143,18.752,1573,632,1029,625,747,873,429,1891.0,-0.7539918716771256,51.309911727895496
3144,23.44,1501,717,1148,516,638,754,548,1891.0,-0.7526538204407864,51.309911727895496
3145,19.5,1445,661,1108,447,569,707,526,1891.0,-0.7513157692044472,51.30991172789549
3146,44.12,1423,639,1086,377,499,575,504,1891.0,-0.749977717968108,51.30991172789549
3147,11.901,1440,608,1095,239,361,450,473,1891.0,-0.7486396667317687,51.309911727895496
3148,0.0,1428,625,1116,243,365,398,483,1891.0,-0.7473016154954297,51.309911727895496
3149,1.088,1389,716,1207,334,457,320,495,1891.0,-0.7459635642590905,51.30991172789549
3150,6.625,996,367,534,759,343,1095,937,1891.0,-0.7379352568410555,51.309911727895496
3151,4.768,956,327,494,719,303,1055,896,1891.0,-0.7365972056047164,51.309911727895496
3152,2.227,883,253,421,645,230,982,823,1891.0,-0.7352591543683773,51.309911727895496
3153,16.333,736,114,274,542,83,878,676,1891.0,-0.733921103132038,51.309911727895496
3154,36.01,594,212,317,659,121,983,673,1891.0,-0.7325830518956987,51.309911727895496
3155,87.344,601,287,391,607,195,990,679,1891.0,-0.7312450006593597,51.30991172789549
3156,53.914,535,428,373,620,336,924,614,1891.0,-0.7299069494230206,51.30991172789549
3157,58.988,476,536,265,583,445,865,554,1891.0,-0.7285688981866812,51.30991172789549
3158,79.743,468,490,143,439,588,1009,698,1891.0,-0.727230846950342,51.309911727895496
3159,74.094,511,396,186,345,714,1103,792,1891.0,-0.7258927957140029,51.309911727895496
3160,87.1,510,409,185,358,873,1114,803,1891.0,-0.7245547444776638,51.309911727895496
3161,90.195,749,557,424,439,1133,1239,1043,1891.0,-0.7232166932413245,51.309911727895496
3162,55.383,871,1173,104,307,1325,2161,1384,1891.0,-0.7887707258890235,51.308946947772185
3163,43.541,784,1086,23,221,1238,2222,1298,1891.0,-0.7874326924269557,51.30894694777218
3164,50.494,682,984,123,86,1137,2204,1196,1891.0,-0.7860946589648878,51.30894694777218
3165,66.772,598,900,250,72,1053,2179,1112,1891.0,-0.7847566255028198,51.30894694777218
3166,14.37,481,783,331,154,935,2188,995,1891.0,-0.783418592040752,51.30894694777218
3167,67.803,373,656,474,299,809,2293,868,1891.0,-0.782080558578684,51.30894694777218
3168,50.04,363,473,657,429,626,2337,685,1891.0,-0.7807425251166162,51.30894694777218
3169,39.075,336,446,685,403,598,2312,658,1891.0,-0.7794044916545481,51.30894694777218
3170,67.064,513,503,853,442,656,2381,715,1891.0,-0.7780664581924804,51.30894694777218
3171,69.81,588,410,823,349,562,2287,621,1891.0,-0.7767284247304125,51.30894694777218
3172,19.687,620,300,713,239,452,2177,511,1891.0,-0.7753903912683446,51.30894694777218
3173,27.904,1275,954,594,841,1106,2277,887,1891.0,-0.7740523578062767,51.30894694777218
3174,96.205,1233,913,553,800,1065,2236,846,1891.0,-0.7727143243442086,51.30894694777218
3175,43.179,1305,984,624,871,1006,2255,917,1891.0,-0.7713762908821408,51.30894694777217
3176,72.444,1220,953,566,840,936,2185,857,1891.0,-0.7700382574200729,51.30894694777217
3177,67.04,1240,909,231,753,905,2097,826,1891.0,-0.768700223958005,51.30894694777217
3178,65.661,1156,846,167,640,1025,2073,843,1891.0,-0.7673621904959372,51.30894694777217
3179,81.765,1166,760,111,650,1012,1987,773,1891.0,-0.7660241570338694,51.308946947772185
3180,99.917,1166,661,215,653,1015,1888,744,1891.0,-0.7646861235718014,51.30894694777218
3181,131.027,1180,537,310,728,1033,1764,653,1891.0,-0.7633480901097336,51.308946947772185
3182,38.123,1182,487,354,729,1061,1714,604,1891.0,-0.7620100566476656,51.30894694777218
3183,92.646,1181,329,672,729,1148,1523,289,1891.0,-0.7606720231855977,51.30894694777218
3184,137.993,1269,363,668,817,1182,1457,194,1891.0,-0.75933398972353,51.30894694777218
3185,62.032,1205,202,785,761,976,1262,171,1891.0,-0.757995956261462,51.30894694777218
3186,98.935,1348,345,779,750,873,1119,143,1891.0,-0.756657922799394,51.30894694777218
3187,79.569,1458,460,980,569,691,938,350,1891.0,-0.7553198893373261,51.30894694777218
3188,112.673,1392,394,972,507,629,875,423,1891.0,-0.7539818558752585,51.30894694777218
3189,11.98,1303,505,966,360,483,729,384,1891.0,-0.7526438224131903,51.30894694777218
3190,37.676,1266,482,929,318,440,649,347,1891.0,-0.7513057889511223,51.30894694777218
3191,15.285,1370,586,1033,290,412,516,450,1891.0,-0.7499677554890544,51.30894694777218
3192,7.536,1331,491,961,109,231,558,356,1891.0,-0.7486297220269865,51.30894694777218
3193,1.51,1648,808,1300,427,549,666,673,1891.0,-0.7472916885649189,51.30894694777218
3194,0.0,1523,850,1331,468,590,454,628,1891.0,-0.7459536551028508,51.308946947772185
3195,2.574,1070,440,607,832,417,1169,1010,1891.0,-0.7379254543304435,51.30894694777218
3196,0.65,1026,396,564,789,373,1125,966,1891.0,-0.7365874208683756,51.30894694777218
3197,7.597,603,37,141,600,63,850,542,1891.0,-0.7339113539442399,51.30894694777218
3198,38.963,498,74,30,494,166,740,436,1891.0,-0.732573320482172,51.30894694777218
3199,65.517,491,307,391,627,215,880,569,1891.0,-0.731235287020104,51.30894694777218
3200,71.204,460,461,366,596,412,849,538,1891.0,-0.7298972535580363,51.30894694777218
3201,86.244,417,494,323,553,454,806,496,1891.0,-0.7285592200959683,51.30894694777218
3202,96.259,529,573,204,522,648,1063,752,1891.0,-0.7272211866339003,51.30894694777218
3203,82.982,432,513,107,463,818,1036,726,1891.0,-0.7258831531718326,51.30894694777218
3204,84.881,410,509,84,458,795,1014,703,1891.0,-0.7245451197097645,51.30894694777218
3205,78.965,512,525,187,474,898,1109,806,1891.0,-0.7232070862476968,51.30894694777218
3206,43.582,1005,1261,233,442,1413,1977,1397,1891.0,-0.788760248547983,51.307982175117324
3207,61.137,686,927,248,190,1079,2042,1139,1891.0,-0.7860842171703817,51.30798217511733
3208,80.921,608,852,299,137,1004,2096,1064,1891.0,-0.784746201481581,51.307982175117324
3209,52.109,576,734,422,296,886,2159,946,1891.0,-0.7834081857927804,51.30798217511733
3210,61.725,477,588,568,413,740,2275,799,1891.0,-0.7820701701039796,51.30798217511733
3211,72.267,445,555,576,400,707,2308,767,1891.0,-0.780732154415179,51.30798217511733
3212,71.163,528,629,749,372,781,2361,815,1891.0,-0.7793941387263785,51.30798217511733
3213,57.189,597,597,830,418,749,2407,808,1891.0,-0.7780561230375778,51.307982175117324
3214,27.66,1057,736,333,378,889,2087,506,1891.0,-0.7767181073487772,51.30798217511733
3215,31.345,849,528,313,441,680,2067,507,1891.0,-0.7753800916599763,51.30798217511733
3216,42.375,953,633,359,520,785,2113,566,1891.0,-0.7740420759711758,51.307982175117324
3217,52.923,1014,694,334,581,846,2017,627,1891.0,-0.7727040602823753,51.30798217511733
3218,40.328,1090,824,424,710,976,2077,757,1891.0,-0.7713660445935745,51.30798217511733
3219,44.92,1117,938,476,824,1026,2104,831,1891.0,-0.7700280289047738,51.30798217511733
3220,43.277,1137,941,304,620,1041,2069,932,1891.0,-0.7686900132159733,51.30798217511733
3221,101.228,1082,837,218,566,1098,2049,893,1891.0,-0.7673519975271725,51.307982175117324
3222,99.575,1050,746,231,534,1114,1965,846,1891.0,-0.766013981838372,51.30798217511733
3223,123.97,990,598,301,501,1166,1825,714,1891.0,-0.7646759661495712,51.30798217511733
3224,156.79,1001,482,419,549,1186,1709,598,1891.0,-0.7633379504607706,51.307982175117324
3225,134.422,978,383,502,526,1202,1610,500,1891.0,-0.7619999347719701,51.30798217511733
3226,78.116,1071,270,561,618,1089,1497,387,1891.0,-0.7606619190831692,51.30798217511733
3227,49.455,1152,189,642,699,1008,1416,340,1891.0,-0.7593239033943686,51.30798217511734
3228,62.917,1139,136,719,695,921,1280,271,1891.0,-0.7579858877055681,51.307982175117324
3229,54.796,1288,285,868,672,762,1097,386,1891.0,-0.7566478720167674,51.307982175117324
3230,100.257,1270,272,850,596,686,1021,461,1891.0,-0.7553098563279668,51.30798217511733
3231,46.799,1314,374,950,535,631,903,495,1891.0,-0.7539718406391661,51.30798217511733
3232,201.194,1274,488,937,394,504,763,389,1891.0,-0.7526338249503653,51.307982175117324
3233,29.124,1221,437,884,286,400,680,302,1891.0,-0.7512958092615648,51.30798217511733
3234,7.985,1182,352,852,184,293,674,217,1891.0,-0.749957793572764,51.30798217511733
3235,15.72,1307,467,888,57,98,694,332,1891.0,-0.7486197778839636,51.307982175117324
3236,6.012,1381,450,815,96,100,726,406,1891.0,-0.7472817621951627,51.30798217511733
3237,0.136,1684,844,1335,462,584,701,708,1891.0,-0.7459437465063622,51.307982175117324
3238,0.0,1680,1000,1491,618,740,611,785,1891.0,-0.7446057308175615,51.30798217511733
3239,0.24,799,697,424,767,789,982,735,1891.0,-0.7365776366847576,51.30798217511733
3240,10.09,733,632,493,702,724,946,669,1891.0,-0.735239620995957,51.307982175117324
3241,21.846,476,101,10,471,186,720,414,1891.0,-0.7325635896183557,51.30798217511733
3242,40.757,357,222,128,355,295,608,297,1891.0,-0.731225573929555,51.30798217511733
3243,60.458,312,347,253,448,379,701,390,1891.0,-0.7298875582407545,51.30798217511733
3244,60.343,224,394,300,360,467,613,303,1891.0,-0.7285495425519536,51.30798217511733
3245,5.075,152,537,172,503,610,756,445,1891.0,-0.727211526863153,51.307982175117324
3246,1.993,278,630,46,579,736,882,571,1891.0,-0.7258735111743526,51.30798217511733
3247,0.0,602,902,371,707,942,872,765,1891.0,-0.7245354954855519,51.307982175117324
3248,46.362,538,816,307,668,922,859,751,1891.0,-0.7231974797967512,51.307982175117324
3249,29.896,979,1177,206,493,1329,1869,1290,1891.0,-0.788749771798774,51.307017409930594
3250,81.121,820,1018,181,349,1171,1844,1222,1891.0,-0.7874117738822366,51.30701740993059
3251,222.876,703,901,299,231,1053,1962,1112,1891.0,-0.7860737759656994,51.3070174099306
3252,85.222,826,937,613,488,1089,2276,960,1891.0,-0.7847357780491621,51.307017409930594
3253,94.653,687,797,561,348,950,2224,821,1891.0,-0.7833977801326246,51.30701740993059
3254,94.12,641,752,630,323,904,2307,795,1891.0,-0.7820597822160872,51.3070174099306
3255,51.474,627,737,651,249,889,2238,722,1891.0,-0.7807217842995499,51.30701740993059
3256,16.31,570,671,742,330,823,2319,802,1891.0,-0.7793837863830124,51.30701740993059
3257,20.29,970,813,373,97,965,2164,542,1891.0,-0.7780457884664753,51.307017409930594
3258,85.636,1057,736,333,378,889,2087,506,1891.0,-0.7767077905499379,51.30701740993059
3259,70.357,851,531,253,392,683,2007,441,1891.0,-0.7753697926334004,51.3070174099306
3260,35.529,932,612,252,499,764,1935,545,1891.0,-0.7740317947168631,51.307017409930594
3261,51.546,884,675,188,537,827,1871,544,1891.0,-0.7726937968003256,51.30701740993059
3262,55.137,921,806,319,668,958,1908,675,1891.0,-0.7713557988837882,51.30701740993059
3263,79.096,980,928,441,671,1077,1904,797,1891.0,-0.770017800967251,51.307017409930594
3264,84.143,1061,995,372,585,1118,1987,890,1891.0,-0.7686798030507136,51.30701740993059
3265,93.261,1011,849,342,494,1192,1977,965,1891.0,-0.7673418051341762,51.30701740993059
3266,94.892,924,765,383,408,1214,1890,881,1891.0,-0.7660038072176388,51.30701740993059
3267,65.921,856,690,409,340,1216,1823,806,1891.0,-0.7646658093011015,51.30701740993059
3268,116.678,859,544,469,407,1319,1766,661,1891.0,-0.7633278113845642,51.30701740993059
3269,115.383,878,470,496,425,1290,1698,587,1891.0,-0.7619898134680269,51.3070174099306
3270,67.864,886,487,516,433,1306,1665,603,1891.0,-0.7606518155514893,51.30701740993059
3271,79.409,1026,138,606,582,957,1397,498,1891.0,-0.7593138176349522,51.30701740993059
3272,46.73,1012,7,591,567,822,1262,370,1891.0,-0.7579758197184149,51.30701740993059
3273,43.033,1101,104,681,625,715,1155,478,1891.0,-0.7566378218018776,51.30701740993059
3274,24.841,1213,215,793,561,651,1091,526,1891.0,-0.7552998238853402,51.30701740993059
3275,43.903,1254,304,879,473,562,986,440,1891.0,-0.7539618259688027,51.30701740993059
3276,44.263,1188,400,851,376,466,887,344,1891.0,-0.7526238280522655,51.307017409930594
3277,24.619,1110,344,773,241,331,825,208,1891.0,-0.7512858301357278,51.30701740993059
3278,16.616,1084,246,759,192,282,796,110,1891.0,-0.7499478322191906,51.30701740993059
3279,22.563,1355,490,855,114,7,754,379,1891.0,-0.7486098343026533,51.307017409930594
3280,21.994,1378,467,832,121,31,762,403,1891.0,-0.7472718363861158,51.30701740993059
3281,1.156,1691,851,1343,470,592,709,716,1891.0,-0.7459338384695785,51.307017409930594
3282,0.0,1727,967,1459,586,708,701,792,1891.0,-0.7445958405530413,51.30701740993059
3283,0.0,1775,1127,1041,745,867,724,898,1891.0,-0.7432578426365037,51.30701740993059
3284,8.015,899,798,459,858,890,1017,825,1891.0,-0.7379058509703543,51.30701740993059
3285,32.72,888,786,424,813,878,982,781,1891.0,-0.736567853053817,51.307017409930594
3286,79.762,748,646,373,716,738,931,683,1891.0,-0.7352298551372797,51.3070174099306
3287,39.424,633,532,393,601,623,846,569,1891.0,-0.7338918572207423,51.30701740993059
3288,21.288,460,358,255,428,450,673,395,1891.0,-0.7325538593042048,51.3070174099306
3289,34.77,338,240,140,334,332,580,277,1891.0,-0.7312158613876676,51.3070174099306
3290,50.006,224,394,300,360,467,613,303,1891.0,-0.7298778634711304,51.3070174099306
3291,44.538,117,455,360,253,535,506,195,1891.0,-0.7285398655545928,51.3070174099306
3292,18.596,3,577,321,374,656,627,316,1891.0,-0.7272018676380555,51.307017409930594
3293,57.522,677,754,446,559,793,723,616,1891.0,-0.7245258718049806,51.30701740993059
3294,92.461,588,818,356,623,857,787,680,1891.0,-0.7231878738884434,51.30701740993059
3295,35.155,941,1139,74,469,1291,1754,1227,1891.0,-0.7887392956413481,51.30605265221161
3296,33.282,905,1103,105,433,1255,1768,1196,1891.0,-0.7874013154960703,51.306052652211605
3297,32.148,867,977,572,515,1129,2235,988,1891.0,-0.7860633353507923,51.306052652211605
3298,47.813,872,983,368,448,1135,2031,920,1891.0,-0.7847253552055145,51.30605265221161
3299,74.463,831,941,460,403,1093,2123,875,1891.0,-0.7833873750602364,51.3060526522116
3300,55.806,821,932,619,244,1084,2233,716,1891.0,-0.7820493949149584,51.306052652211605
3301,21.828,833,940,460,73,1092,2049,521,1891.0,-0.7807114147696806,51.306052652211605
3302,67.739,872,907,466,35,1059,2079,526,1891.0,-0.7793734346244027,51.306052652211605
3303,88.652,970,813,373,97,965,2164,542,1891.0,-0.7780354544791246,51.30605265221161
3304,106.812,997,745,187,302,897,2070,358,1891.0,-0.7766974743338467,51.30605265221161
3305,48.419,920,611,175,335,764,1938,358,1891.0,-0.7753594941885688,51.30605265221161
3306,117.013,919,626,152,400,779,1906,407,1891.0,-0.7740215140432909,51.30605265221161
3307,30.847,822,740,254,602,893,1809,609,1891.0,-0.7726835338980129,51.30605265221161
3308,129.392,807,856,335,617,948,1765,704,1891.0,-0.7713455537527348,51.30605265221161
3309,121.462,892,977,483,585,1007,1806,846,1891.0,-0.7700075736074571,51.30605265221161
3310,181.836,916,991,443,527,1024,1823,909,1891.0,-0.7686695934621789,51.306052652211605
3311,124.383,918,925,377,420,1067,1866,994,1891.0,-0.767331613316901,51.306052652211605
3312,126.409,819,836,364,302,1108,1785,953,1891.0,-0.7659936331716231,51.306052652211605
3313,61.749,830,716,428,314,1209,1790,832,1891.0,-0.7646556530263453,51.30605265221161
3314,92.078,747,652,365,294,1296,1700,769,1891.0,-0.7633176728810673,51.30605265221161
3315,95.859,773,578,392,321,1361,1703,701,1891.0,-0.7619796927357894,51.306052652211605
3316,139.353,790,464,419,345,1266,1579,721,1891.0,-0.7606417125905113,51.3060526522116
3317,54.412,782,423,424,338,1225,1542,691,1891.0,-0.7593037324452334,51.306052652211605
3318,49.682,855,159,438,410,961,1402,522,1891.0,-0.7579657522999554,51.306052652211605
3319,4.827,868,157,444,424,959,1400,531,1891.0,-0.7566277721546775,51.306052652211605
3320,19.261,1030,546,72,586,991,1461,641,1891.0,-0.7552897920093997,51.306052652211605
3321,13.795,1096,614,21,652,1041,1511,691,1891.0,-0.7539518118641215,51.306052652211605
3322,4.352,1110,401,773,298,388,895,266,1891.0,-0.7526138317188436,51.306052652211605
3323,13.006,969,359,638,293,383,892,251,1891.0,-0.7512758515735657,51.30605265221161
3324,43.159,988,142,661,278,368,882,15,1891.0,-0.7499378714282878,51.306052652211605
3325,33.29,1027,2,681,417,500,963,135,1891.0,-0.7485998912830099,51.3060526522116
3326,5.417,1173,145,827,562,643,1108,280,1891.0,-0.7472619111377318,51.3060526522116
3327,22.087,1233,205,729,453,480,1010,340,1891.0,-0.7459239309924539,51.30605265221161
3328,0.0,1914,1074,1566,693,815,931,939,1891.0,-0.744585950847176,51.306052652211605
3329,0.0,1801,1212,1266,830,952,763,908,1891.0,-0.743247970701898,51.306052652211605
3330,0.0,1601,1300,868,919,1041,596,780,1891.0,-0.74190999055662,51.306052652211605
3331,0.954,921,819,414,813,911,972,781,1891.0,-0.7378960501207862,51.306052652211605
3332,71.0,921,819,414,813,911,972,781,1891.0,-0.7365580699755083,51.3060526522116
3333,90.87,770,668,251,650,760,809,618,1891.0,-0.7352200898302305,51.306052652211605
3334,46.172,759,658,203,595,750,761,562,1891.0,-0.7338821096849524,51.306052652211605
3335,46.756,506,404,301,389,496,634,356,1891.0,-0.7325441295396744,51.306052652211605
3336,46.883,531,429,322,357,521,602,325,1891.0,-0.7312061493943964,51.306052652211605
3337,43.953,205,394,299,174,464,420,117,1891.0,-0.7298681692491187,51.306052652211605
3338,48.294,177,447,352,241,527,494,184,1891.0,-0.7285301891038405,51.306052652211605
3339,4.529,0,573,325,370,653,623,312,1891.0,-0.7271922089585627,51.30605265221161
3340,52.828,746,654,515,459,694,624,517,1891.0,-0.7245162486680069,51.3060526522116
3341,60.18,793,807,561,612,846,776,669,1891.0,-0.723178268522729,51.306052652211605
3342,22.245,1009,1184,23,537,1359,1656,1284,1891.0,-0.7887288200756569,51.30508790196001
3343,50.068,1089,1122,103,618,1440,1677,1261,1891.0,-0.7873908577006344,51.30508790196
3344,22.641,913,1024,344,489,1176,2007,962,1891.0,-0.7847149329505898,51.30508790196001
3345,5.149,1099,1049,509,317,1361,1761,635,1891.0,-0.7833769705755674,51.30508790196
3346,10.846,1026,1121,436,245,1288,1834,562,1891.0,-0.7820390082005451,51.30508790196001
3347,69.048,973,1082,384,192,1236,1941,496,1891.0,-0.780701045825523,51.30508790196
3348,120.426,929,958,361,115,1110,2084,421,1891.0,-0.7793630834505008,51.30508790196001
3349,44.34,961,911,263,216,1063,2172,323,1891.0,-0.7780251210754785,51.30508790196001
3350,86.257,862,842,164,302,994,2097,224,1891.0,-0.7766871587004561,51.30508790196
3351,54.465,876,737,55,455,889,1913,240,1891.0,-0.7753491963254335,51.30508790196
3352,69.457,851,783,53,513,935,1846,332,1891.0,-0.7740112339504114,51.30508790196001
3353,16.866,729,899,271,644,879,1687,640,1891.0,-0.7726732715753892,51.30508790196001
3354,58.035,728,951,283,575,850,1652,651,1891.0,-0.7713353092003666,51.30508790196
3355,75.569,742,947,370,480,850,1649,741,1891.0,-0.7699973468253445,51.30508790196001
3356,118.741,801,1011,300,385,909,1708,925,1891.0,-0.768659384450322,51.30508790196
3357,132.231,832,951,296,380,964,1757,981,1891.0,-0.7673214220752999,51.30508790196001
3358,99.775,738,876,295,222,1055,1705,990,1891.0,-0.7659834597002774,51.30508790196
3359,101.59,715,812,387,199,1145,1681,928,1891.0,-0.764645497325255,51.30508790196
3360,306.711,610,605,230,128,1279,1564,850,1891.0,-0.7633075349502327,51.30508790196001
3361,129.113,668,565,287,216,1337,1621,815,1891.0,-0.7619695725752106,51.30508790196
3362,100.544,727,492,345,277,1295,1606,759,1891.0,-0.7606316102001881,51.30508790196
3363,50.355,686,341,328,242,1132,1457,704,1891.0,-0.7592936478251657,51.30508790196001
3364,70.393,809,281,429,365,1066,1524,644,1891.0,-0.7579556854501435,51.30508790196001
3365,33.86,887,223,386,443,1012,1463,589,1891.0,-0.7566177230751212,51.30508790196
3366,35.392,956,470,132,512,918,1387,568,1891.0,-0.755279760700099,51.30508790196001
3367,22.236,954,473,157,510,862,1332,512,1891.0,-0.7539417983250765,51.30508790196
3368,26.128,834,286,426,514,604,1073,253,1891.0,-0.7526038359500544,51.30508790196001
3369,13.568,813,233,488,449,539,1012,195,1891.0,-0.751265873575032,51.30508790196001
3370,65.574,1030,179,559,442,532,841,160,1891.0,-0.7499279112000096,51.30508790196
3371,25.718,1509,532,504,610,583,785,652,1891.0,-0.7485899488249873,51.30508790196001
3372,20.248,1298,296,623,544,571,904,424,1891.0,-0.7472519864499649,51.30508790196
3373,27.108,1417,410,411,488,461,693,542,1891.0,-0.7459140240749426,51.30508790196
3374,0.0,1601,1300,868,919,1041,596,780,1891.0,-0.743238099324898,51.30508790196
3375,0.0,1601,1300,868,919,1041,596,780,1891.0,-0.7419001369498758,51.30508790196001
3376,40.306,766,665,203,602,757,761,569,1891.0,-0.735210325074764,51.30508790195999
3377,51.594,733,631,136,535,690,694,502,1891.0,-0.7338723626997419,51.30508790196
3378,32.623,814,746,140,538,731,697,506,1891.0,-0.7325344003247195,51.30508790196001
3379,42.997,437,601,236,162,484,406,129,1891.0,-0.7311964379496971,51.30508790196
3380,65.482,316,495,363,63,386,311,24,1891.0,-0.7298584755746751,51.30508790196001
3381,46.666,347,484,414,79,405,335,79,1891.0,-0.7285205131996527,51.30508790196001
3382,28.099,632,494,660,261,496,426,319,1891.0,-0.7258445884496079,51.30508790196
3383,37.129,698,428,727,328,480,492,385,1891.0,-0.7245066260745855,51.30508790196001
3384,8.94,1129,1144,142,657,1479,1553,1283,1891.0,-0.7887183451016517,51.30412315917543
3385,3.745,1188,999,202,716,1538,1554,1138,1891.0,-0.7873804004958812,51.304123159175425
3386,0.277,1411,1006,424,666,1709,1574,916,1891.0,-0.7860424558901106,51.304123159175425
3387,38.438,1218,929,547,437,1481,1642,687,1891.0,-0.7847045112843403,51.304123159175425
3388,97.775,1182,965,525,401,1444,1678,651,1891.0,-0.78336656667857,51.304123159175425
3389,198.102,1073,1129,409,425,1409,1842,536,1891.0,-0.7820286220727993,51.30412315917542
3390,77.005,1003,1093,340,341,1340,1926,466,1891.0,-0.7806906774670291,51.304123159175425
3391,28.784,906,997,243,280,1223,2008,369,1891.0,-0.7793527328612587,51.30412315917542
3392,26.805,924,971,225,364,1123,2122,285,1891.0,-0.7780147882554882,51.30412315917541
3393,36.201,716,883,126,454,1046,1969,77,1891.0,-0.776676843649718,51.304123159175425
3394,39.592,759,842,75,406,994,2003,120,1891.0,-0.7753388990439474,51.30412315917543
3395,21.462,522,1091,313,624,761,1596,682,1891.0,-0.774000954438177,51.30412315917541
3396,18.636,619,967,189,622,763,1571,558,1891.0,-0.7726630098324068,51.304123159175425
3397,133.486,611,1032,255,553,719,1528,624,1891.0,-0.7713250652266362,51.304123159175425
3398,54.994,629,1099,311,485,737,1535,741,1891.0,-0.7699871206208658,51.304123159175425
3399,50.11,677,1072,251,395,785,1581,818,1891.0,-0.7686491760150954,51.304123159175425
3400,67.505,715,953,137,272,905,1661,944,1891.0,-0.7673112314093252,51.304123159175425
3401,70.163,658,904,162,223,973,1624,933,1891.0,-0.7659732868035548,51.304123159175425
3402,114.273,555,822,255,142,1063,1522,830,1891.0,-0.7646353421977843,51.30412315917542
3403,80.46,514,680,171,37,1170,1481,789,1891.0,-0.7632973975920139,51.30412315917542
3404,81.164,469,696,101,129,1281,1422,730,1891.0,-0.7619594529862433,51.30412315917542
3405,17.927,624,429,267,180,1181,1398,707,1891.0,-0.7606215083804729,51.30412315917542
3406,21.088,603,419,245,159,1131,1364,673,1891.0,-0.7592835637747025,51.30412315917541
3407,44.814,690,371,332,246,1023,1444,672,1891.0,-0.7579456191689321,51.30412315917542
3408,22.192,793,316,283,349,918,1387,567,1891.0,-0.7566076745631618,51.304123159175425
3409,21.157,876,401,219,432,833,1303,483,1891.0,-0.7552697299573914,51.304123159175425
3410,18.519,937,456,174,493,846,1315,496,1891.0,-0.7539317853516211,51.304123159175425
3411,25.451,841,296,416,524,614,1083,264,1891.0,-0.7525938407458507,51.304123159175425
3412,19.164,779,260,485,488,577,1047,227,1891.0,-0.7512558961400804,51.304123159175425
3413,40.85,1099,247,571,511,600,852,228,1891.0,-0.7499179515343098,51.30412315917542
3414,41.685,1168,316,364,580,670,646,298,1891.0,-0.7485800069285392,51.30412315917541
3415,69.304,1509,532,504,610,583,785,652,1891.0,-0.7472420623227691,51.304123159175425
3416,50.55,1347,494,341,573,546,623,490,1891.0,-0.7459041177169985,51.304123159175425
3417,32.483,1265,552,259,630,603,541,408,1891.0,-0.7445661731112282,51.30412315917542
3418,2.912,793,692,136,535,728,694,503,1891.0,-0.7352005608708355,51.30412315917543
3419,86.385,738,678,63,462,655,621,430,1891.0,-0.733862616265065,51.304123159175425
3420,59.893,655,653,18,380,572,539,347,1891.0,-0.7325246716592946,51.304123159175425
3421,42.197,495,565,179,219,476,421,187,1891.0,-0.7311867270535242,51.304123159175425
3422,40.991,478,464,498,113,346,269,170,1891.0,-0.7298487824477538,51.30412315917542
3423,75.197,426,397,449,43,279,206,116,1891.0,-0.7285108378419834,51.30412315917542
3424,57.228,714,177,681,162,167,183,283,1891.0,-0.727172893236213,51.30412315917541
3425,40.372,613,513,642,243,477,407,300,1891.0,-0.7258349486304427,51.304123159175425
3426,75.054,743,383,771,373,435,500,430,1891.0,-0.7244970040246722,51.30412315917542
3427,65.603,909,217,937,482,269,386,458,1891.0,-0.7231590594189019,51.304123159175425
3428,1.246,1413,918,427,898,1764,1329,1128,1891.0,-0.7887078707192834,51.30315842385751
3429,7.515,1333,881,347,826,1684,1409,1056,1891.0,-0.7873699438817612,51.30315842385751
3430,61.413,1411,995,491,654,1698,1641,905,1891.0,-0.7860320170442392,51.30315842385752
3431,86.16,1294,853,471,513,1557,1566,763,1891.0,-0.784694090206717,51.303158423857504
3432,78.0,1218,929,547,437,1481,1642,687,1891.0,-0.7833561633691949,51.30315842385751
3433,80.496,1076,1077,413,492,1433,1790,539,1891.0,-0.7820182365316728,51.30315842385752
3434,31.67,847,937,183,322,1204,2019,310,1891.0,-0.7806803096941508,51.30315842385751
3435,45.138,773,863,109,396,1130,2025,236,1891.0,-0.7793423828566286,51.30315842385751
3436,35.638,632,799,204,523,989,1884,28,1891.0,-0.7766665291815843,51.30315842385751
3437,59.959,573,894,372,659,930,1825,182,1891.0,-0.7753286023440621,51.30315842385752
3438,53.246,502,1116,338,605,742,1562,693,1891.0,-0.7739906755065401,51.30315842385751
3439,98.775,453,1086,320,548,686,1494,658,1891.0,-0.772652748669018,51.303158423857504
3440,116.284,498,1153,397,469,606,1415,715,1891.0,-0.771314821831496,51.30315842385751
3441,88.849,471,1205,380,442,579,1388,763,1891.0,-0.7699768949939738,51.303158423857504
3442,64.32,692,1073,141,393,800,1597,886,1891.0,-0.7686389681564518,51.30315842385752
3443,66.339,742,1023,91,343,850,1647,936,1891.0,-0.7673010413189295,51.303158423857504
3444,48.525,776,1054,0,374,941,1738,1027,1891.0,-0.7659631144814076,51.30315842385752
3445,10.962,506,809,273,128,1115,1472,781,1891.0,-0.7646251876438853,51.30315842385752
3446,36.575,356,785,174,172,1250,1322,630,1891.0,-0.7632872608063632,51.303158423857504
3447,77.967,336,743,108,167,1304,1302,611,1891.0,-0.7619493339688412,51.303158423857504
3448,67.596,381,644,53,74,1298,1290,598,1891.0,-0.7606114071313188,51.30315842385751
3449,72.842,479,544,121,34,1230,1239,548,1891.0,-0.7592734802937968,51.303158423857504
3450,39.62,761,488,489,420,1122,1258,742,1891.0,-0.7579355534562751,51.30315842385752
3451,13.191,782,544,544,475,1178,1203,768,1891.0,-0.7565976266187528,51.30315842385751
3452,10.225,702,681,682,612,1147,1065,810,1891.0,-0.7552596997812306,51.30315842385752
3453,16.674,630,397,390,627,717,989,364,1891.0,-0.7525838461061863,51.303158423857504
3454,3.037,643,384,403,613,703,1002,351,1891.0,-0.7512459192686645,51.30315842385752
3455,1.101,744,511,276,741,831,1011,479,1891.0,-0.7499079924311423,51.30315842385751
3456,4.032,1168,316,364,580,670,646,298,1891.0,-0.74857006559362,51.30315842385751
3457,32.853,1173,550,168,746,719,449,316,1891.0,-0.7458942119185759,51.303158423857504
3458,59.052,1265,616,259,751,724,541,408,1891.0,-0.7445562850810539,51.30315842385752
3459,0.0,1299,1111,566,988,1031,294,478,1891.0,-0.7418804314060096,51.30315842385751
3460,0.0,1249,1060,515,937,980,243,427,1891.0,-0.7405425045684877,51.30315842385752
3461,0.0,1205,1016,502,893,936,230,414,1891.0,-0.7392045777309652,51.30315842385751
3462,20.099,779,591,391,467,510,477,471,1891.0,-0.7338528703808769,51.30315842385752
3463,52.186,718,530,330,406,449,416,410,1891.0,-0.7325149435433548,51.303158423857504
3464,37.537,618,444,230,317,363,330,310,1891.0,-0.7311770167058327,51.303158423857504
3465,56.491,578,242,549,26,124,53,147,1891.0,-0.7285011630307885,51.303158423857504
3466,74.122,714,177,654,162,167,107,206,1891.0,-0.7271632361932663,51.303158423857504
3467,52.819,846,63,740,277,12,182,254,1891.0,-0.7258253093557441,51.30315842385751
3468,21.804,868,35,762,300,87,204,276,1891.0,-0.7244873825182221,51.303158423857504
3469,23.592,937,189,916,453,241,358,430,1891.0,-0.7231494556806999,51.303158423857504
3470,62.02,1464,957,477,937,1814,1290,1167,1891.0,-0.788697396928504,51.3021936960059
3471,77.35,1377,881,391,862,1727,1365,1091,1891.0,-0.7873594878582268,51.302193696005915
3472,57.915,1387,894,496,660,1697,1546,955,1891.0,-0.7860215787879494,51.302193696005915
3473,57.45,1278,769,386,589,1625,1481,882,1891.0,-0.7846836697176721,51.30219369600591
3474,10.899,1313,803,421,641,1670,1516,909,1891.0,-0.7833457606473947,51.3021936960059
3475,35.037,663,753,0,506,1020,1915,313,1891.0,-0.7793320334365625,51.302193696005894
3476,38.83,609,700,53,465,966,1862,363,1891.0,-0.7779941243662853,51.30219369600591
3477,80.015,527,781,259,546,884,1779,134,1891.0,-0.7766562152960079,51.302193696005894
3478,86.866,514,836,313,600,871,1767,124,1891.0,-0.7753183062257305,51.302193696005915
3479,31.602,601,923,400,687,958,1853,210,1891.0,-0.7739803971554532,51.30219369600591
3480,6.126,332,1017,432,435,572,1428,554,1891.0,-0.7726424880851758,51.3021936960059
3481,44.722,392,1125,462,382,519,1327,661,1891.0,-0.7713045790148984,51.302193696005894
3482,72.688,413,1184,427,384,521,1329,723,1891.0,-0.769966669944621,51.3021936960059
3483,13.306,390,1179,469,361,498,1295,884,1891.0,-0.7686287608743438,51.30219369600591
3484,27.094,236,805,158,235,1210,1202,511,1891.0,-0.7619392155229571,51.3021936960059
3485,53.677,236,777,144,207,1210,1202,511,1891.0,-0.7606013064526794,51.302193696005894
3486,55.789,480,621,175,89,1166,1158,466,1891.0,-0.7592633973824021,51.302193696005894
3487,39.481,588,661,588,524,1167,1085,574,1891.0,-0.7579254883121249,51.302193696005915
3488,13.381,588,661,588,524,1167,1085,574,1891.0,-0.7565875792418475,51.30219369600591
3489,34.814,533,674,648,768,978,897,641,1891.0,-0.7539117611012927,51.3021936960059
3490,22.899,507,532,621,760,850,870,499,1891.0,-0.7525738520310155,51.30219369600591
3491,34.558,744,511,276,741,831,1011,479,1891.0,-0.751235942960738,51.3021936960059
3492,7.85,744,511,276,741,831,1011,479,1891.0,-0.7498980338904606,51.302193696005894
3493,5.072,1149,577,104,786,759,385,253,1891.0,-0.7458843066796288,51.30219369600591
3494,62.964,1137,652,29,840,834,310,177,1891.0,-0.7445463976093515,51.30219369600591
3495,36.527,1142,851,263,833,1127,18,175,1891.0,-0.7432084885390741,51.3021936960059
3496,0.275,1223,932,344,914,1093,72,256,1891.0,-0.7418705794687965,51.30219369600591
3497,0.0,1280,1092,547,968,1011,275,459,1891.0,-0.7405326703985192,51.302193696005915
3498,0.0,1220,1032,486,908,951,214,399,1891.0,-0.7391947613282417,51.302193696005894
3499,40.401,821,469,433,345,388,355,372,1891.0,-0.732505215976855,51.3021936960059
3500,53.762,781,429,392,305,348,315,332,1891.0,-0.7311673069065779,51.30219369600591
3501,69.1,705,354,317,230,273,240,257,1891.0,-0.7298293978363003,51.302193696005894
3502,22.747,663,221,474,86,133,90,118,1891.0,-0.7284914887660228,51.3021936960059
3503,46.967,652,161,560,69,69,24,54,1891.0,-0.7271535796957455,51.30219369600591
3504,22.167,757,61,651,189,54,93,166,1891.0,-0.7258156706254681,51.30219369600591
3505,26.94,868,35,762,300,87,204,276,1891.0,-0.724477761555191,51.30219369600591
3506,26.65,926,93,820,358,145,262,335,1891.0,-0.7231398524849136,51.302193696005915
3507,66.013,1476,798,463,804,1833,1108,1008,1891.0,-0.7886869237292653,51.30122897562022
3508,54.268,1349,697,496,677,1706,1260,907,1891.0,-0.7873490324252291,51.30122897562022
3509,63.142,1331,652,609,659,1688,1372,863,1891.0,-0.7860111411211932,51.30122897562022
3510,78.289,1098,588,286,426,1455,1550,799,1891.0,-0.7846732498171569,51.30122897562022
3511,50.806,1149,646,218,477,1506,1538,857,1891.0,-0.7833353585131211,51.30122897562022
3512,27.399,1051,556,82,379,1408,1675,766,1891.0,-0.7819974672090848,51.30122897562022
3513,23.012,1051,556,82,379,1408,1675,766,1891.0,-0.7806595759050488,51.30122897562022
3514,44.727,482,559,172,324,839,1729,253,1891.0,-0.7779837932969766,51.301228975620226
3515,64.635,347,642,75,407,704,1600,359,1891.0,-0.7766459019929406,51.30122897562022
3516,59.441,338,707,140,472,695,1590,326,1891.0,-0.7753080106889044,51.30122897562022
3517,53.008,252,849,283,472,609,1504,386,1891.0,-0.7739701193848684,51.301228975620226
3518,4.953,311,909,342,498,635,1524,445,1891.0,-0.7726322280808324,51.30122897562022
3519,6.522,222,1023,611,193,330,1139,752,1891.0,-0.7712943367767963,51.30122897562022
3520,30.894,279,1073,554,250,387,1189,775,1891.0,-0.7699564454727601,51.301228975620226
3521,43.691,407,1196,524,378,515,1312,901,1891.0,-0.7686185541687242,51.30122897562022
3522,26.216,0,879,0,444,1003,995,304,1891.0,-0.7632669889525799,51.301228975620226
3523,16.75,314,875,314,353,999,991,300,1891.0,-0.7619290976485439,51.30122897562022
3524,40.253,317,827,317,305,1002,994,303,1891.0,-0.7605912063445078,51.30122897562022
3525,35.084,360,829,360,297,1046,1038,346,1891.0,-0.7592533150404717,51.301228975620226
3526,52.649,564,685,564,501,1144,1061,550,1891.0,-0.7579154237364355,51.30122897562022
3527,38.289,541,708,541,477,1120,1038,527,1891.0,-0.7565775324323993,51.30122897562022
3528,40.693,533,674,648,768,978,897,641,1891.0,-0.7539017498243273,51.30122897562022
3529,11.909,443,593,553,784,884,807,561,1891.0,-0.7525638585202913,51.301228975620226
3530,11.054,1137,652,29,840,834,310,177,1891.0,-0.7458744020001109,51.301228975620226
3531,30.746,1031,709,77,736,940,206,74,1891.0,-0.744536510696075,51.30122897562022
3532,68.708,1027,736,148,721,1012,150,61,1891.0,-0.7431986193920389,51.30122897562022
3533,2.938,1101,809,222,792,1085,131,134,1891.0,-0.7418607280880027,51.301228975620226
3534,66.429,890,458,542,334,377,344,361,1891.0,-0.7311575976557141,51.301228975620226
3535,46.98,787,341,549,217,260,227,243,1891.0,-0.7298197063516781,51.30122897562022
3536,37.187,512,18,653,105,217,97,111,1891.0,-0.728481815047642,51.30122897562022
3537,42.829,613,120,561,13,126,9,22,1891.0,-0.7271439237436058,51.301228975620226
3538,24.95,671,254,701,153,221,138,152,1891.0,-0.7258060324395698,51.30122897562022
3539,19.518,1005,191,900,437,261,342,414,1891.0,-0.7244681411355337,51.30122897562022
3540,26.341,1017,202,911,449,272,353,426,1891.0,-0.7231302498314978,51.30122897562022
3541,0.0,2306,1693,689,1474,2657,1178,1637,1891.0,-0.7993794394319036,51.300264262700146
3542,0.0,2254,2041,1312,1546,2648,1644,2251,1891.0,-0.7980415658931053,51.300264262700146
3543,28.051,2190,1577,573,1358,2540,1061,1521,1891.0,-0.796703692354307,51.30026426270013
3544,95.004,2086,1408,404,1188,2443,892,1352,1891.0,-0.795365818815509,51.300264262700146
3545,70.747,1929,1251,370,1206,2286,910,1318,1891.0,-0.7940279452767111,51.30026426270015
3546,92.885,1770,1092,230,1091,2127,875,1283,1891.0,-0.7926900717379126,51.300264262700125
3547,43.279,1698,1020,218,1026,2055,863,1230,1891.0,-0.7913521981991146,51.30026426270014
3548,29.165,1557,878,623,885,1913,1243,922,1891.0,-0.7900143246603163,51.30026426270013
3549,58.966,1458,780,568,787,1815,1210,934,1891.0,-0.7886764511215182,51.300264262700146
3550,132.807,1350,671,594,678,1707,1222,882,1891.0,-0.7873385775827201,51.300264262700146
3551,62.09,1271,592,579,599,1628,1311,803,1891.0,-0.7860007040439219,51.30026426270015
3552,68.977,1367,688,645,695,1724,1408,899,1891.0,-0.7846628305051238,51.300264262700146
3553,45.806,1081,411,418,409,1438,1408,621,1891.0,-0.7833249569663253,51.30026426270014
3554,42.291,877,367,138,205,1234,1533,577,1891.0,-0.7819870834275272,51.300264262700146
3555,90.297,969,474,0,297,1326,1665,684,1891.0,-0.780649209888729,51.300264262700125
3556,52.436,499,454,123,219,856,1646,370,1891.0,-0.7779734628111328,51.30026426270014
3557,46.668,423,566,0,331,780,1675,419,1891.0,-0.7766355892723343,51.30026426270013
3558,36.193,220,728,266,440,577,1472,507,1891.0,-0.7752977157335365,51.30026426270014
3559,32.19,132,783,309,352,489,1384,525,1891.0,-0.7739598421947382,51.300264262700146
3560,34.405,0,906,423,219,356,1252,638,1891.0,-0.7726219686559401,51.30026426270015
3561,27.098,78,984,501,141,278,1174,716,1891.0,-0.771284095117142,51.30026426270014
3562,56.094,124,1011,547,95,232,1127,740,1891.0,-0.7699462215783438,51.30026426270014
3563,30.266,226,897,662,197,334,1013,626,1891.0,-0.7686083480395457,51.30026426270015
3564,26.04,389,715,664,706,706,831,359,1891.0,-0.764594727423151,51.30026426270013
3565,44.048,14,865,14,429,988,981,289,1891.0,-0.7632568538843528,51.30026426270014
3566,29.868,253,815,253,399,939,931,239,1891.0,-0.7619189803455547,51.300264262700125
3567,28.996,200,761,200,370,885,877,186,1891.0,-0.7605811068067566,51.300264262700146
3568,32.23,522,766,522,535,1062,980,508,1891.0,-0.7579053597291603,51.30026426270014
3569,26.695,499,789,499,558,1085,1003,485,1891.0,-0.7565674861903622,51.30026426270014
3570,8.655,163,882,447,669,774,692,850,1891.0,-0.7552296126515641,51.30026426270014
3571,12.714,237,790,407,629,734,652,758,1891.0,-0.7538917391127657,51.300264262700146
3572,1.125,327,705,441,667,768,690,672,1891.0,-0.7525538655739676,51.300264262700125
3573,9.795,557,624,0,733,829,735,541,1891.0,-0.7498781184963712,51.30026426270014
3574,6.804,839,548,219,790,1006,328,134,1891.0,-0.745864497879977,51.300264262700146
3575,39.45,872,581,179,749,1039,287,93,1891.0,-0.7445266243411787,51.300264262700146
3576,49.733,966,675,96,663,1016,209,16,1891.0,-0.7431887508023803,51.30026426270013
3577,9.686,1168,877,289,859,1153,199,202,1891.0,-0.7418508772635822,51.300264262700146
3578,6.203,877,431,569,307,350,317,334,1891.0,-0.7311478889531969,51.30026426270014
3579,28.862,900,454,633,330,373,339,356,1891.0,-0.7298100154143989,51.30026426270014
3580,21.079,415,78,750,202,314,194,208,1891.0,-0.7284721418756007,51.30026426270015
3581,13.577,715,330,777,229,297,214,228,1891.0,-0.7271342683368026,51.300264262700146
3582,6.773,553,341,788,113,308,224,239,1891.0,-0.7257963947980045,51.300264262700146
3583,6.327,439,454,901,0,421,338,352,1891.0,-0.7244585212592063,51.300264262700146
3584,9.989,405,521,968,66,488,404,418,1891.0,-0.7231206477204081,51.300264262700146
3585,7.468,2367,2154,1425,1415,2761,1513,2191,1891.0,-0.7966931137525955,51.29929955724528
3586,46.604,2120,1436,437,1096,2477,800,1314,1891.0,-0.795355257978032,51.299299557245284
3587,59.019,1971,1293,246,1051,2328,755,1165,1891.0,-0.7940174022034684,51.29929955724528
3588,67.443,1870,1192,152,1043,2227,746,1155,1891.0,-0.792679546428905,51.29929955724529
3589,152.291,1898,1220,16,1108,2255,812,1220,1891.0,-0.7913416906543415,51.29929955724528
3590,66.98,1592,914,658,920,1949,1153,894,1891.0,-0.7900038348797779,51.299299557245284
3591,112.57,1500,822,682,829,1857,1168,848,1891.0,-0.7886659791052144,51.299299557245284
3592,94.28,1422,743,700,750,1779,1137,816,1891.0,-0.7873281233306509,51.299299557245284
3593,55.431,1187,509,525,515,1544,1146,719,1891.0,-0.7859902675560871,51.29929955724528
3594,27.67,1082,404,420,411,1439,1259,614,1891.0,-0.7846524117815233,51.29929955724528
3595,89.229,1005,330,342,333,1362,1339,540,1891.0,-0.7833145560069599,51.29929955724528
3596,96.215,877,358,138,205,1234,1533,569,1891.0,-0.7819767002323965,51.299299557245284
3597,61.82,743,248,226,71,1100,1439,458,1891.0,-0.780638844457833,51.299299557245284
3598,31.077,625,281,285,46,982,1473,492,1891.0,-0.7793009886832692,51.29929955724528
3599,53.882,425,484,205,249,782,1661,452,1891.0,-0.7779631329087058,51.299299557245284
3600,44.198,317,770,495,537,674,1570,710,1891.0,-0.7766252771341423,51.29929955724528
3601,70.114,317,770,495,537,674,1570,710,1891.0,-0.7752874213595787,51.299299557245284
3602,43.723,159,840,398,378,516,1411,613,1891.0,-0.7739495655850153,51.29929955724529
3603,77.999,110,871,470,330,467,1362,686,1891.0,-0.7726117098104518,51.29929955724528
3604,29.115,219,950,643,0,137,1128,741,1891.0,-0.771273854035888,51.29929955724528
3605,60.133,219,950,643,0,137,1128,741,1891.0,-0.7699359982613244,51.299299557245284
3606,53.668,190,844,877,125,125,960,573,1891.0,-0.7685981424867608,51.299299557245284
3607,59.227,99,752,786,217,217,868,481,1891.0,-0.7672602867121974,51.299299557245284
3608,35.21,47,660,663,364,364,776,358,1891.0,-0.7659224309376339,51.29929955724528
3609,60.596,369,695,644,685,685,811,339,1891.0,-0.7645845751630703,51.299299557245284
3610,57.307,304,575,304,556,699,691,0,1891.0,-0.7619088636139433,51.299299557245284
3611,51.795,595,748,731,836,912,864,432,1891.0,-0.7605710078393796,51.29929955724528
3612,28.238,595,748,731,836,912,864,432,1891.0,-0.7592331520648162,51.29929955724529
3613,26.825,0,821,557,578,683,601,686,1891.0,-0.756557440515689,51.299299557245284
3614,0.0,163,882,447,669,774,692,850,1891.0,-0.7552195847411255,51.29929955724528
3615,1.202,271,775,322,544,646,567,777,1891.0,-0.7538817289665619,51.29929955724528
3616,5.139,307,718,249,484,579,507,770,1891.0,-0.7525438731919982,51.299299557245284
3617,0.0,557,624,0,733,829,735,541,1891.0,-0.7498681616428712,51.299299557245284
3618,10.503,676,384,244,805,842,496,302,1891.0,-0.7471924500937442,51.299299557245284
3619,25.516,846,555,227,798,1013,335,141,1891.0,-0.7458545943191806,51.29929955724528
3620,57.599,868,564,297,868,1022,406,212,1891.0,-0.744516738544617,51.299299557245284
3621,50.927,1045,781,21,552,1128,302,116,1891.0,-0.7431788827700535,51.299299557245284
3622,30.636,1045,785,24,553,1129,298,116,1891.0,-0.7418410269954899,51.299299557245284
3623,3.336,1122,1365,1011,630,1495,1292,1103,1891.0,-0.7405031712209265,51.29929955724528
3624,0.853,1122,1365,1011,630,1495,1292,1103,1891.0,-0.7391653154463629,51.29929955724528
3625,1.398,482,234,1041,482,605,485,499,1891.0,-0.7311381807989814,51.29929955724528
3626,6.404,407,159,966,407,529,410,424,1891.0,-0.7298003250244179,51.29929955724528
3627,10.9,279,31,879,279,449,330,340,1891.0,-0.7284624692498545,51.29929955724528
3628,8.828,191,55,925,191,537,387,387,1891.0,-0.7271246134752909,51.299299557245284
3629,0.0,439,454,901,0,421,338,352,1891.0,-0.7244489019261637,51.299299557245284
3630,15.14,284,484,1056,154,576,493,507,1891.0,-0.7231110461516002,51.299299557245284
3631,4.924,2169,1338,437,928,2411,632,1160,1891.0,-0.7966825357482982,51.29833485925528
3632,29.317,2168,1323,437,911,2396,615,1145,1891.0,-0.795344697736966,51.29833485925527
3633,40.863,2040,1286,309,963,2352,667,1108,1891.0,-0.7940068597256339,51.29833485925528
3634,71.422,1968,1248,179,958,2303,662,1070,1891.0,-0.7926690217143016,51.29833485925527
3635,103.79,1988,1310,139,1082,2345,786,1194,1891.0,-0.7913311837029695,51.29833485925526
3636,92.245,2058,1379,208,1152,2415,856,1264,1891.0,-0.7899933456916374,51.29833485925528
3637,48.735,1424,746,762,752,1781,1031,710,1891.0,-0.7886555076803052,51.29833485925527
3638,84.233,1410,732,748,739,1767,970,649,1891.0,-0.7873176696689729,51.29833485925527
3639,37.486,1331,652,668,659,1687,1009,688,1891.0,-0.7859798316576408,51.29833485925528
3640,35.74,1165,487,503,494,1522,1180,697,1891.0,-0.7846419936463086,51.29833485925527
3641,55.269,985,282,322,313,1313,1397,492,1891.0,-0.7833041556349765,51.29833485925528
3642,25.428,832,191,314,160,1189,1383,401,1891.0,-0.7819663176236444,51.29833485925527
3643,28.394,805,180,293,133,1162,1372,390,1891.0,-0.7806284796123122,51.29833485925527
3644,16.492,671,235,297,0,1028,1426,445,1891.0,-0.77929064160098,51.29833485925528
3645,34.284,490,438,256,203,847,1630,503,1891.0,-0.7779528035896479,51.29833485925527
3646,19.082,317,770,495,537,674,1570,710,1891.0,-0.7766149655783157,51.29833485925528
3647,50.905,317,770,495,537,674,1570,710,1891.0,-0.7752771275669835,51.29833485925528
3648,55.3,224,757,525,444,581,1476,740,1891.0,-0.7739392895556513,51.298334859255256
3649,39.05,250,845,610,390,527,1307,826,1891.0,-0.7726014515443194,51.29833485925526
3650,25.81,290,858,682,187,277,1214,791,1891.0,-0.7712636135329871,51.29833485925528
3651,51.804,299,842,797,16,16,1069,682,1891.0,-0.769925775521655,51.29833485925527
3652,85.226,190,844,877,125,125,960,573,1891.0,-0.7685879375103228,51.29833485925527
3653,54.985,40,612,646,357,357,728,341,1891.0,-0.7659122614876587,51.29833485925528
3654,40.927,160,493,538,477,477,609,233,1891.0,-0.7645744234763262,51.29833485925528
3655,39.431,233,515,463,550,550,631,159,1891.0,-0.7632365854649943,51.298334859255256
3656,53.993,304,575,304,556,699,691,0,1891.0,-0.7618987474536622,51.29833485925528
3657,45.565,595,748,731,836,912,864,432,1891.0,-0.7605609094423299,51.29833485925526
3658,9.337,595,748,731,836,912,864,432,1891.0,-0.7592230714309978,51.29833485925527
3659,1.234,0,821,557,578,683,601,686,1891.0,-0.7565473954083333,51.298334859255256
3660,2.273,0,821,557,578,683,601,686,1891.0,-0.7552095573970014,51.29833485925526
3661,1.267,209,619,364,382,481,405,671,1891.0,-0.753871719385669,51.29833485925528
3662,0.304,238,617,374,399,479,421,674,1891.0,-0.7525338813743367,51.29833485925527
3663,12.966,592,263,360,696,722,605,411,1891.0,-0.7471825293290084,51.29833485925528
3664,18.837,606,277,383,673,735,628,434,1891.0,-0.7458446913176763,51.29833485925527
3665,3.783,724,396,407,554,854,688,499,1891.0,-0.7445068533063441,51.29833485925527
3666,1.824,876,548,255,402,1006,536,347,1891.0,-0.743169015295012,51.29833485925528
3667,27.628,892,604,199,399,1062,479,290,1891.0,-0.7418311772836798,51.29833485925527
3668,2.953,1122,1365,1011,630,1495,1292,1103,1891.0,-0.7404933392723475,51.29833485925528
3669,0.371,1194,1438,1083,702,1568,1364,1175,1891.0,-0.7391555012610155,51.29833485925528
3670,1.521,1259,1502,1148,57,1632,1369,1240,1891.0,-0.7378176632496833,51.29833485925527
3671,0.211,482,234,1041,482,605,485,499,1891.0,-0.7311284731930225,51.29833485925527
3672,15.402,464,217,1023,464,587,468,482,1891.0,-0.7297906351816904,51.29833485925528
3673,11.826,237,55,855,237,537,317,317,1891.0,-0.7284527971703583,51.29833485925528
3674,10.093,135,138,892,135,619,354,354,1891.0,-0.7271149591590261,51.29833485925527
3675,6.028,35,228,1008,35,710,470,470,1891.0,-0.7257771211476939,51.29833485925527
3676,0.089,46,245,1026,46,727,487,487,1891.0,-0.7244392831363617,51.29833485925527
3677,0.0,235,435,1105,203,625,542,556,1891.0,-0.7231014451250296,51.29833485925526
3678,2.887,1988,1387,555,709,2461,413,1209,1891.0,-0.7966719583413655,51.29737016872974
3679,45.056,2125,1307,444,846,2380,550,1129,1891.0,-0.7953341380922618,51.297370168729756
3680,31.309,2114,1246,383,881,2320,585,1068,1891.0,-0.7939963178431578,51.29737016872974
3681,76.404,1828,938,697,937,2012,641,760,1891.0,-0.7926584975940539,51.29737016872975
3682,69.408,1828,938,697,937,2012,641,760,1891.0,-0.79132067734495,51.29737016872974
3683,75.622,1713,823,813,1041,1896,757,645,1891.0,-0.7899828570958461,51.29737016872975
3684,68.675,1533,661,853,861,1734,809,483,1891.0,-0.7886450368467424,51.297370168729756
3685,46.993,1409,731,747,737,1766,1009,688,1891.0,-0.7873072165976384,51.29737016872974
3686,47.142,1328,650,666,656,1685,1068,747,1891.0,-0.7859693963485345,51.29737016872974
3687,30.326,1262,584,600,590,1619,1223,794,1891.0,-0.7846315760994306,51.29737016872976
3688,38.437,1265,587,603,594,1622,1231,797,1891.0,-0.7832937558503268,51.29737016872976
3689,6.421,899,7,466,227,1116,1199,217,1891.0,-0.7819559356012228,51.29737016872976
3690,10.941,834,83,407,163,1112,1275,293,1891.0,-0.780618115352119,51.29737016872975
3691,24.825,731,594,501,459,1048,1753,748,1891.0,-0.7792802951030151,51.29737016872974
3692,24.5,635,498,429,387,953,1658,653,1891.0,-0.7779424748539112,51.297370168729756
3693,8.971,691,396,509,467,859,1555,574,1891.0,-0.7766046546048073,51.297370168729756
3694,39.982,488,599,554,512,805,1535,777,1891.0,-0.7752668343557033,51.29737016872974
3695,65.391,414,701,743,581,632,1368,879,1891.0,-0.7739290141065993,51.29737016872975
3696,41.226,333,774,693,457,499,1236,872,1891.0,-0.7725911938574956,51.29737016872975
3697,14.641,333,787,693,445,487,1224,860,1891.0,-0.7712533736083915,51.29737016872974
3698,46.327,512,607,890,248,290,949,585,1891.0,-0.7699155533592877,51.29737016872975
3699,36.883,444,620,821,240,240,881,517,1891.0,-0.7685777331101838,51.29737016872974
3700,64.71,367,669,744,302,302,803,440,1891.0,-0.76723991286108,51.29737016872975
3701,87.21,391,472,768,708,708,588,464,1891.0,-0.7659020926119763,51.29737016872976
3702,52.474,279,393,656,595,595,509,352,1891.0,-0.7645642723628723,51.29737016872974
3703,40.759,292,445,434,609,609,561,129,1891.0,-0.7632264521137686,51.297370168729756
3704,50.747,391,544,533,708,708,660,228,1891.0,-0.7618886318646647,51.29737016872976
3705,7.563,403,605,593,769,769,721,289,1891.0,-0.7605508116155607,51.29737016872974
3706,13.012,5000,5000,5000,5000,5000,10,5000,1891.0,-0.7565373508682491,51.297370168729756
3707,25.541,340,728,501,482,590,505,779,1891.0,-0.7551995306191454,51.29737016872976
3708,11.984,261,562,416,321,424,344,614,1891.0,-0.7538617103700411,51.29737016872974
3709,7.928,306,568,445,355,429,378,627,1891.0,-0.7525238901209373,51.29737016872975
3710,9.284,643,0,593,460,458,601,675,1891.0,-0.7498482496227294,51.29737016872975
3711,0.0,583,254,369,696,713,614,420,1891.0,-0.7471726091245217,51.29737016872974
3712,9.064,606,277,383,673,735,628,434,1891.0,-0.7458347888754179,51.29737016872975
3713,2.041,724,396,407,554,854,688,499,1891.0,-0.7444969686263142,51.29737016872976
3714,0.163,705,737,445,213,1078,725,536,1891.0,-0.7431591483772101,51.29737016872974
3715,0.0,1254,1497,1133,461,1610,873,1057,1891.0,-0.7391456876298983,51.29737016872976
3716,27.838,1208,1451,1097,6,1581,1318,1188,1891.0,-0.7378078673807945,51.297370168729756
3717,11.713,317,181,729,317,618,191,191,1891.0,-0.7284431256370674,51.29737016872976
3718,0.06,390,253,638,390,691,99,99,1891.0,-0.7271053053879634,51.29737016872975
3719,0.834,169,346,1126,169,828,588,588,1891.0,-0.7257674851388595,51.29737016872976
3720,0.06,169,346,1126,169,828,588,588,1891.0,-0.7244296648897558,51.297370168729756
3721,13.336,1949,1349,672,670,2422,374,1170,1891.0,-0.797999184019628,51.29640548566837
3722,57.602,1956,1356,616,677,2429,381,1177,1891.0,-0.7966613815317489,51.296405485668366
3723,104.556,1970,1369,589,691,2442,394,1191,1891.0,-0.7953235790438705,51.29640548566837
3724,58.511,1951,1017,409,715,2090,419,839,1891.0,-0.7939857765559919,51.296405485668366
3725,78.596,1831,893,544,784,1966,487,715,1891.0,-0.7926479740681133,51.29640548566837
3726,71.59,1764,874,633,874,1948,577,696,1891.0,-0.7913101715802344,51.296405485668366
3727,39.964,1642,728,800,935,1801,644,550,1891.0,-0.7899723690923557,51.296405485668366
3728,39.704,1545,646,853,873,1719,797,467,1891.0,-0.7886345666044773,51.29640548566837
3729,47.94,1421,482,988,749,1555,1015,304,1891.0,-0.7872967641165984,51.29640548566837
3730,80.98,1341,402,909,670,1476,936,224,1891.0,-0.7859589616287197,51.296405485668366
3731,12.429,1341,402,909,670,1476,936,224,1891.0,-0.784621159140841,51.29640548566837
3732,61.938,1041,134,608,369,1248,1057,76,1891.0,-0.7832833566529626,51.29640548566837
3733,86.667,972,66,540,301,1190,1165,183,1891.0,-0.7819455541650837,51.296405485668366
3734,55.036,976,190,842,603,1067,1349,368,1891.0,-0.7806077516772051,51.296405485668366
3735,68.709,940,162,806,567,1032,1321,340,1891.0,-0.7792699491893263,51.296405485668366
3736,27.372,740,282,635,421,849,1441,460,1891.0,-0.7779321467014478,51.29640548566837
3737,34.506,691,315,589,484,782,1475,493,1891.0,-0.776594344213569,51.296405485668366
3738,48.514,415,566,678,635,681,1411,744,1891.0,-0.7752565417256905,51.29640548566837
3739,64.964,415,566,678,635,681,1411,744,1891.0,-0.7739187392378116,51.29640548566837
3740,103.823,447,652,808,384,426,1160,796,1891.0,-0.7725809367499331,51.29640548566837
3741,21.279,473,712,834,326,368,1101,738,1891.0,-0.7712431342620544,51.296405485668366
3742,68.159,530,644,924,215,257,986,623,1891.0,-0.7699053317741755,51.29640548566837
3743,29.832,493,577,868,278,290,929,561,1891.0,-0.7685675292862969,51.296405485668366
3744,49.151,391,472,768,708,708,588,464,1891.0,-0.7672297267984183,51.29640548566837
3745,45.111,388,391,706,683,704,507,401,1891.0,-0.7658919243105398,51.29640548566837
3746,27.917,387,278,610,625,704,394,306,1891.0,-0.7645541218226609,51.296405485668366
3747,7.31,476,176,703,573,686,292,398,1891.0,-0.7632163193347823,51.29640548566837
3748,0.76,558,95,784,492,605,211,480,1891.0,-0.7618785168469038,51.296405485668366
3749,0.76,418,626,614,790,790,742,310,1891.0,-0.760540714359025,51.29640548566838
3750,4.237,799,398,900,229,517,92,507,1891.0,-0.7592029118711462,51.296405485668366
3751,5.667,707,509,808,123,558,114,617,1891.0,-0.7578651093832677,51.29640548566838
3752,26.364,613,600,714,40,464,25,597,1891.0,-0.756527306895389,51.29640548566837
3753,31.299,586,587,688,24,438,40,587,1891.0,-0.7551895044075104,51.296405485668366
3754,26.415,385,459,534,216,321,238,506,1891.0,-0.7538517019196316,51.296405485668366
3755,103.079,478,428,541,287,302,314,503,1891.0,-0.752513899431753,51.29640548566837
3756,0.031,607,418,594,358,344,387,549,1891.0,-0.7511760969438742,51.296405485668366
3757,19.529,643,0,593,460,458,601,675,1891.0,-0.7498382944559957,51.296405485668366
3758,0.0,401,436,532,640,703,796,602,1891.0,-0.7471626894802381,51.296405485668366
3759,15.855,401,436,532,640,703,796,602,1891.0,-0.7458248869923596,51.29640548566837
3760,10.424,655,787,494,163,1029,775,586,1891.0,-0.7431492820166022,51.296405485668366
3761,56.657,619,862,448,127,992,729,540,1891.0,-0.7418114795287236,51.29640548566837
3762,4.6,654,897,543,162,1027,824,635,1891.0,-0.7404736770408449,51.29640548566838
3763,0.036,1071,1315,960,279,1445,1052,1052,1891.0,-0.7391358745529661,51.296405485668366
3764,5.342,1040,1284,929,248,1414,1083,1021,1891.0,-0.7377980720650876,51.29640548566837
3765,1.114,1013,876,458,740,1314,523,523,1891.0,-0.7297712571378157,51.296405485668366
3766,5.21,390,253,638,390,691,99,99,1891.0,-0.7284334546499369,51.296405485668366
3767,5.294,462,326,565,424,763,26,26,1891.0,-0.7270956521620582,51.29640548566837
3768,0.0,371,455,1167,371,934,628,628,1891.0,-0.7257578496741796,51.296405485668366
3769,0.0,289,466,1247,289,948,708,708,1891.0,-0.7244200471863008,51.29640548566837
3770,0.0,322,499,1280,322,981,741,741,1891.0,-0.7230822446984223,51.296405485668366
3771,0.255,2166,2218,1742,926,3249,1024,1703,1891.0,-0.7993263747747124,51.295440810070765
3772,22.786,1949,1349,672,670,2422,374,1170,1891.0,-0.7979885900470559,51.295440810070765
3773,88.515,1860,1259,715,581,2332,284,1081,1891.0,-0.7966508053193994,51.295440810070765
3774,46.813,1852,1233,648,573,2306,277,1055,1891.0,-0.7953130205917432,51.29544081007078
3775,91.002,1907,992,639,683,2065,387,813,1891.0,-0.7939752358640867,51.29544081007077
3776,83.861,1825,885,539,771,1959,475,707,1891.0,-0.7926374511364302,51.29544081007077
3777,45.078,1642,703,711,752,1776,456,525,1891.0,-0.7912996664087739,51.29544081007077
3778,83.625,1579,640,774,815,1713,519,462,1891.0,-0.7899618816811175,51.295440810070765
3779,50.009,1464,525,890,792,1598,634,346,1891.0,-0.7886240969534611,51.29544081007077
3780,28.139,1464,525,960,793,1598,704,347,1891.0,-0.7872863122258046,51.295440810070765
3781,44.57,1295,356,862,623,1429,838,177,1891.0,-0.785948527498148,51.295440810070765
3782,35.695,1252,313,819,580,1386,846,134,1891.0,-0.7846107427704917,51.29544081007077
3783,36.742,1127,173,694,455,1246,1045,64,1891.0,-0.7832729580428354,51.29544081007077
3784,41.43,1100,124,685,446,1197,1127,145,1891.0,-0.7819351733151788,51.295440810070765
3785,40.143,982,0,652,413,1073,1159,178,1891.0,-0.7805973885875223,51.295440810070765
3786,41.017,884,97,749,510,975,1257,276,1891.0,-0.7792596038598661,51.295440810070765
3787,17.4,750,239,676,465,841,1398,417,1891.0,-0.7779218191322096,51.29544081007077
3788,19.461,675,331,684,544,762,1475,509,1891.0,-0.7765840344045531,51.29544081007077
3789,68.469,574,407,702,585,665,1396,585,1891.0,-0.7752462496768966,51.29544081007077
3790,33.736,503,478,765,552,594,1324,657,1891.0,-0.7739084649492403,51.295440810070765
3791,32.027,984,425,711,338,901,1318,488,1891.0,-0.7725706802215838,51.295440810070765
3792,21.486,554,671,914,396,438,1167,706,1891.0,-0.7712328954939274,51.295440810070765
3793,30.964,764,419,740,333,563,980,483,1891.0,-0.7698951107662709,51.295440810070765
3794,37.703,633,426,796,340,432,918,444,1891.0,-0.7685573260386147,51.29544081007077
3795,8.396,748,328,703,329,547,801,329,1891.0,-0.7672195413109583,51.29544081007077
3796,16.099,907,487,862,488,706,875,488,1891.0,-0.7658817565833017,51.295440810070765
3797,20.275,428,234,659,572,744,350,355,1891.0,-0.7645439718556454,51.29544081007078
3798,32.97,474,180,700,577,690,296,396,1891.0,-0.7632061871279892,51.29544081007078
3799,38.458,588,65,814,495,608,240,510,1891.0,-0.7618684024003327,51.29544081007078
3800,31.163,680,217,907,369,482,88,488,1891.0,-0.760530617672676,51.29544081007077
3801,11.96,794,331,904,300,449,21,439,1891.0,-0.7591928329450196,51.295440810070765
3802,36.631,698,433,781,222,404,127,394,1891.0,-0.7578550482173632,51.29544081007077
3803,33.483,621,484,709,150,459,127,457,1891.0,-0.7565172634897069,51.29544081007078
3804,22.588,522,510,611,82,361,95,523,1891.0,-0.7551794787620504,51.295440810070765
3805,30.947,478,381,479,208,229,233,409,1891.0,-0.753841694034394,51.295440810070765
3806,115.687,464,353,434,209,196,315,419,1891.0,-0.7525039093067376,51.29544081007077
3807,40.243,461,182,411,278,276,419,523,1891.0,-0.7511661245790812,51.29544081007077
3808,24.78,369,439,386,311,309,647,556,1891.0,-0.7498283398514247,51.295440810070765
3809,2.148,304,541,429,372,370,749,617,1891.0,-0.7484905551237682,51.29544081007077
3810,2.799,217,460,349,456,519,898,767,1891.0,-0.7471527703961117,51.295440810070765
3811,22.687,628,822,529,135,1001,809,620,1891.0,-0.7431394162131427,51.295440810070765
3812,40.747,513,756,549,21,886,830,641,1891.0,-0.7418016314854861,51.29544081007077
3813,29.1,699,942,588,207,1072,869,680,1891.0,-0.7404638467578297,51.295440810070765
3814,4.312,768,1012,657,276,1142,938,749,1891.0,-0.7391260620301733,51.29544081007077
3815,8.122,997,1240,886,248,1370,1083,977,1891.0,-0.7377882773025168,51.29544081007077
3816,0.024,1118,1361,1007,272,1491,1228,1098,1891.0,-0.7364504925748605,51.295440810070765
3817,16.483,955,818,400,681,1256,465,465,1891.0,-0.7310993536642348,51.29544081007077
3818,27.0,1013,876,458,740,1314,523,523,1891.0,-0.7297615689365784,51.29544081007077
3819,81.281,489,353,538,413,790,0,0,1891.0,-0.7270859994812654,51.29544081007077
3820,31.846,51,605,654,377,1335,544,544,1891.0,-0.7257482147536092,51.295440810070765
3821,4.217,371,455,1167,371,934,628,628,1891.0,-0.7244104300259528,51.29544081007078
3822,0.0,322,499,1280,322,981,741,741,1891.0,-0.7230726452982963,51.29544081007077
3823,0.059,1922,1974,1497,682,3047,780,1458,1891.0,-0.8019912975780161,51.2944761419366
3824,24.21,1945,1748,1286,686,2822,587,1402,1891.0,-0.8006535306095789,51.29447614193659
3825,32.123,1856,1411,962,577,2484,281,1233,1891.0,-0.799315763641142,51.29447614193659
3826,16.454,1949,1413,870,670,2487,374,1235,1891.0,-0.7979779966727049,51.29447614193659
3827,15.237,1665,1163,738,387,2236,90,985,1891.0,-0.7966402297042678,51.29447614193659
3828,29.856,1738,1208,702,459,2282,162,1030,1891.0,-0.7953024627358308,51.2944761419366
3829,67.23,1882,1058,704,603,2131,307,880,1891.0,-0.7939646957673939,51.29447614193659
3830,62.942,1710,771,721,713,1844,416,593,1891.0,-0.7912891618305199,51.2944761419366
3831,39.306,1112,1365,558,502,2247,871,519,1891.0,-0.7899513948620827,51.29447614193659
3832,56.029,1513,574,982,842,1648,726,396,1891.0,-0.7886136278936455,51.294476141936585
3833,32.566,1500,561,1025,829,1635,769,383,1891.0,-0.7872758609252085,51.2944761419366
3834,39.013,962,1197,507,431,2078,1073,321,1891.0,-0.7859380939567714,51.294476141936606
3835,25.577,926,1160,471,395,2042,1225,285,1891.0,-0.7846003269883344,51.29447614193659
3836,15.454,1207,268,774,535,1341,1062,90,1891.0,-0.7832625600198972,51.2944761419366
3837,30.238,847,492,580,637,1374,1546,597,1891.0,-0.7819247930514603,51.294476141936606
3838,7.838,985,147,714,493,1202,1240,258,1891.0,-0.7805870260830232,51.29447614193659
3839,60.654,802,431,820,587,893,1567,589,1891.0,-0.7779114921461489,51.29447614193659
3840,36.894,737,384,755,515,824,1495,562,1891.0,-0.7765737251777118,51.2944761419366
3841,33.452,742,412,765,477,823,1457,585,1891.0,-0.7752359582092748,51.29447614193659
3842,46.211,854,448,735,361,924,1341,511,1891.0,-0.7738981912408379,51.2944761419366
3843,46.097,983,338,624,251,814,1231,401,1891.0,-0.7725604242724009,51.29447614193659
3844,51.82,903,314,601,227,702,1119,377,1891.0,-0.7712226573039638,51.29447614193659
3845,110.633,702,357,727,271,501,918,421,1891.0,-0.7698848903355267,51.29447614193659
3846,38.383,748,328,703,329,547,801,329,1891.0,-0.7685471233670897,51.29447614193659
3847,41.357,769,350,724,351,568,780,351,1891.0,-0.7672093563986526,51.2944761419366
3848,22.521,590,355,783,410,767,512,410,1891.0,-0.7658715894302157,51.2944761419366
3849,15.447,590,355,783,410,767,512,410,1891.0,-0.7645338224617785,51.29447614193659
3850,44.872,723,71,875,487,600,370,501,1891.0,-0.7631960554933415,51.29447614193659
3851,54.768,706,124,932,409,522,304,528,1891.0,-0.7618582885249043,51.29447614193659
3852,43.972,764,281,937,251,364,146,370,1891.0,-0.7605205215564672,51.29447614193659
3853,6.221,764,281,937,251,364,146,370,1891.0,-0.7591827545880302,51.294476141936606
3854,43.33,670,490,695,169,270,184,260,1891.0,-0.7578449876195931,51.29447614193659
3855,102.162,633,544,590,224,325,326,314,1891.0,-0.7565072206511562,51.2944761419366
3856,64.692,578,493,527,291,278,351,410,1891.0,-0.7551694536827191,51.2944761419366
3857,31.552,411,324,361,109,108,379,253,1891.0,-0.753831686714282,51.29447614193659
3858,251.49,330,258,280,76,68,428,302,1891.0,-0.7524939197458449,51.29447614193659
3859,142.774,263,291,213,120,118,497,365,1891.0,-0.7511561527774078,51.29447614193659
3860,85.798,247,490,378,392,390,769,638,1891.0,-0.7498183858089708,51.294476141936606
3861,31.225,251,494,382,425,423,802,670,1891.0,-0.7484806188405339,51.29447614193659
3862,82.24,200,443,332,439,514,893,761,1891.0,-0.7471428518720967,51.29447614193659
3863,23.218,277,520,409,214,650,1030,877,1891.0,-0.7458050849036595,51.29447614193659
3864,25.682,304,548,436,187,678,1021,850,1891.0,-0.7444673179352225,51.2944761419366
3865,55.636,387,630,519,104,760,956,767,1891.0,-0.7431295509667856,51.29447614193659
3866,50.441,565,808,643,72,938,924,735,1891.0,-0.7417917839983486,51.2944761419366
3867,30.276,661,904,739,168,1034,1020,831,1891.0,-0.7404540170299115,51.29447614193659
3868,0.886,1238,1481,1127,745,1611,1408,1219,1891.0,-0.7391162500614744,51.29447614193659
3869,13.764,886,1129,772,351,1259,1020,867,1891.0,-0.7377784830930374,51.2944761419366
3870,1.186,1137,1380,1026,292,1511,1248,1118,1891.0,-0.7364407161246004,51.29447614193659
3871,6.576,1005,869,417,698,1306,516,516,1891.0,-0.7337651821877264,51.2944761419366
3872,5.929,952,837,373,654,1282,492,492,1891.0,-0.732427415219289,51.29447614193659
3873,27.966,863,726,308,589,1164,373,373,1891.0,-0.731089648250852,51.29447614193659
3874,41.072,603,510,0,281,1329,538,538,1891.0,-0.729751881282415,51.29447614193659
3875,29.038,603,510,0,281,1329,538,538,1891.0,-0.728414114313978,51.29447614193659
3876,49.407,0,554,603,326,1284,493,493,1891.0,-0.7257385803771038,51.294476141936606
3877,36.127,0,554,603,326,1284,493,493,1891.0,-0.7244008134086668,51.29447614193659
3878,1.42,1993,1548,1099,714,2621,418,1370,1891.0,-0.8019806515271873,51.29351148126547
3879,51.15,1968,1523,1099,689,2596,393,1344,1891.0,-0.8006429023169669,51.293511481265476
3880,16.592,1776,1331,994,497,2404,201,1153,1891.0,-0.7993051531067464,51.29351148126547
3881,11.056,1685,1240,896,406,2313,110,1062,1891.0,-0.7979674038965258,51.29351148126547
3882,6.686,1589,1150,814,310,2224,14,972,1891.0,-0.7966296546863054,51.293511481265476
3883,14.493,1337,1596,784,712,2477,642,787,1891.0,-0.795291905476085,51.293511481265476
3884,18.698,1259,1503,706,619,2385,564,709,1891.0,-0.7939541562658646,51.293511481265476
3885,11.628,5000,5000,5000,5000,5000,5000,5000,1891.0,-0.7926164070556441,51.29351148126547
3886,12.887,5000,5000,5000,5000,5000,5000,5000,1891.0,-0.7912786578454235,51.29351148126546
3887,29.931,1112,1365,558,502,2247,871,519,1891.0,-0.7899409086352029,51.293511481265476
3888,37.158,1095,1339,559,503,2220,872,466,1891.0,-0.7886031594249823,51.29351148126547
3889,31.872,1033,1267,578,502,2149,975,392,1891.0,-0.7872654102147622,51.29351148126546
3890,31.224,880,1115,425,349,1997,1100,239,1891.0,-0.7859276610045416,51.293511481265476
3891,17.733,866,1101,411,335,1983,1220,225,1891.0,-0.7845899117943208,51.29351148126547
3892,28.303,929,1164,491,415,2045,1312,317,1891.0,-0.7832521625841005,51.29351148126547
3893,84.166,775,357,508,588,1239,1430,465,1891.0,-0.78191441337388,51.293511481265476
3894,66.571,842,460,613,638,1327,1465,460,1891.0,-0.7805766641636595,51.29351148126547
3895,32.438,836,809,696,776,1625,1685,590,1891.0,-0.779238914953439,51.293511481265476
3896,21.117,862,871,723,802,1615,1711,604,1891.0,-0.7779011657432184,51.29351148126547
3897,0.486,1061,566,614,480,1043,1243,629,1891.0,-0.7752256673227775,51.293511481265476
3898,27.6,974,345,632,259,822,1239,409,1891.0,-0.7725501689023364,51.293511481265476
3899,61.913,971,259,536,181,770,1178,326,1891.0,-0.771212419692116,51.293511481265476
3900,134.736,966,135,505,48,765,1062,198,1891.0,-0.7698746704818955,51.293511481265476
3901,38.001,1055,113,483,81,854,1040,177,1891.0,-0.768536921271675,51.293511481265476
3902,32.388,717,241,669,296,684,634,296,1891.0,-0.765861422851234,51.29351148126546
3903,1.903,825,236,715,342,533,527,342,1891.0,-0.7645236736410135,51.293511481265476
3904,51.507,815,221,800,387,535,461,426,1891.0,-0.7631859244307929,51.29351148126547
3905,56.757,789,432,896,277,390,443,396,1891.0,-0.7618481752205726,51.29351148126546
3906,50.46,628,417,801,115,229,282,234,1891.0,-0.7605104260103519,51.293511481265476
3907,24.16,647,436,820,135,248,301,254,1891.0,-0.7591726768001316,51.29351148126547
3908,41.709,512,450,686,23,113,323,119,1891.0,-0.757834927589911,51.29351148126546
3909,14.652,488,425,590,103,49,412,35,1891.0,-0.7564971783796907,51.29351148126547
3910,9.564,500,430,512,53,69,518,121,1891.0,-0.7551594291694701,51.29351148126547
3911,20.638,475,382,425,28,155,479,176,1891.0,-0.7538216799592495,51.293511481265476
3912,32.605,336,219,286,39,48,457,316,1891.0,-0.7524839307490292,51.29351148126547
3913,31.969,369,144,307,136,147,560,419,1891.0,-0.7511461815388087,51.293511481265476
3914,16.883,98,149,38,287,285,664,532,1891.0,-0.7498084323285878,51.293511481265476
3915,8.316,65,212,65,350,348,727,595,1891.0,-0.7484706831183675,51.29351148126547
3916,14.503,50,293,181,423,423,803,670,1891.0,-0.7471329339081472,51.293511481265476
3917,38.433,197,440,328,295,570,949,817,1891.0,-0.7457951846979265,51.29351148126547
3918,38.228,697,940,775,204,1070,1056,867,1891.0,-0.7404441878570447,51.293511481265476
3919,0.0,1639,1883,1528,1147,2013,1809,1620,1891.0,-0.739106438646824,51.293511481265476
3920,10.757,969,1212,783,363,1342,960,950,1891.0,-0.7377686894366036,51.29351148126547
3921,14.65,967,874,364,645,1332,541,541,1891.0,-0.7337554418059422,51.29351148126546
3922,33.337,939,845,335,617,1303,513,513,1891.0,-0.7324176925957215,51.29351148126547
3923,45.913,784,690,180,462,1148,358,358,1891.0,-0.7310799433855012,51.29351148126547
3924,54.96,681,588,78,359,1250,460,460,1891.0,-0.7297421941752806,51.293511481265476
3925,42.585,603,510,0,281,1329,538,538,1891.0,-0.7284044449650601,51.293511481265476
3926,41.425,231,323,372,95,1108,318,318,1891.0,-0.7270666957548395,51.29351148126547
3927,63.345,231,351,400,123,1108,318,318,1891.0,-0.7257289465446192,51.293511481265476
3928,72.022,110,492,540,263,1231,441,441,1891.0,-0.7243911973343986,51.29351148126547
3929,10.059,1620,1561,1159,167,2634,368,1156,1891.0,-0.8019700060774898,51.29254682805704
3930,12.745,1569,1472,1107,81,2545,278,1105,1891.0,-0.8006322746244828,51.29254682805704
3931,16.956,1538,1433,1068,70,2506,239,1074,1891.0,-0.7992945431714764,51.292546828057034
3932,10.183,1507,1273,905,220,2346,79,1011,1891.0,-0.7979568117184697,51.29254682805704
3933,11.295,1345,1535,814,531,2508,461,818,1891.0,-0.7966190802654629,51.29254682805705
3934,20.0,1277,1558,747,575,2440,506,750,1891.0,-0.7952813488124565,51.292546828057034
3935,14.707,1160,1420,607,520,2302,455,610,1891.0,-0.7939436173594496,51.29254682805704
3936,16.885,1015,1275,461,413,2157,581,464,1891.0,-0.7926058859064431,51.292546828057034
3937,26.883,937,1190,383,318,2072,682,383,1891.0,-0.7912681544534365,51.29254682805704
3938,21.708,874,1187,321,214,2069,851,282,1891.0,-0.7899304230004296,51.29254682805704
3939,16.692,766,1032,213,162,1914,849,210,1891.0,-0.788592691547423,51.292546828057034
3940,14.042,691,925,139,45,1807,964,157,1891.0,-0.7872549600944163,51.29254682805704
3941,12.469,687,922,232,156,1803,1064,49,1891.0,-0.7859172286414096,51.29254682805704
3942,11.529,860,1095,406,330,1977,1220,225,1891.0,-0.784579497188403,51.292546828057034
3943,28.124,673,499,406,455,1381,1364,414,1891.0,-0.7832417657353963,51.29254682805703
3944,73.574,656,600,501,580,1482,1489,492,1891.0,-0.7819040342823897,51.29254682805704
3945,66.899,752,677,574,654,1529,1563,519,1891.0,-0.7805663028293831,51.292546828057034
3946,58.777,816,822,676,756,1582,1665,563,1891.0,-0.7792285713763765,51.29254682805704
3947,46.064,854,944,715,794,1607,1703,596,1891.0,-0.7778908399233697,51.292546828057034
3948,1.724,878,968,739,818,1631,1727,620,1891.0,-0.7765531084703631,51.292546828057034
3949,0.0,1061,566,614,480,1043,1243,629,1891.0,-0.7752153770173564,51.29254682805704
3950,9.197,1245,291,459,361,1044,1193,369,1891.0,-0.7738776455643498,51.292546828057034
3951,51.1,1272,319,487,389,1072,1221,397,1891.0,-0.7725399141113432,51.29254682805704
3952,30.73,1099,146,404,216,899,1088,224,1891.0,-0.7712021826583364,51.29254682805704
3953,41.304,1037,38,409,51,836,973,109,1891.0,-0.7698644512053298,51.292546828057034
3954,50.684,971,43,417,44,828,834,44,1891.0,-0.7685267197523232,51.292546828057034
3955,53.944,928,28,457,85,786,791,85,1891.0,-0.7671889882993166,51.292546828057034
3956,55.589,823,145,573,199,688,689,199,1891.0,-0.7658512568463098,51.29254682805703
3957,44.444,837,242,674,301,575,574,301,1891.0,-0.7645135253933031,51.29254682805704
3958,37.984,910,337,812,398,511,564,438,1891.0,-0.7631757939402966,51.292546828057034
3959,25.773,956,454,928,444,557,610,555,1891.0,-0.7618380624872899,51.292546828057034
3960,34.426,1017,515,989,505,618,671,616,1891.0,-0.7605003310342834,51.29254682805704
3961,22.286,830,548,969,378,414,629,368,1891.0,-0.7591625995812766,51.292546828057034
3962,12.157,421,358,740,36,66,415,109,1891.0,-0.7578248681282699,51.29254682805703
3963,9.504,371,308,701,52,110,458,119,1891.0,-0.7564871366752632,51.292546828057034
3964,6.664,459,396,588,91,115,578,110,1891.0,-0.7551494052222568,51.29254682805704
3965,21.262,423,361,565,141,206,631,14,1891.0,-0.75381167376925,51.29254682805704
3966,33.138,486,423,493,87,234,577,77,1891.0,-0.7524739423162432,51.292546828057034
3967,27.848,368,125,306,202,215,629,488,1891.0,-0.7511362108632366,51.292546828057034
3968,19.687,243,0,181,241,255,668,527,1891.0,-0.74979847941023,51.29254682805704
3969,18.983,31,274,162,406,404,783,651,1891.0,-0.7484607479572234,51.292546828057034
3970,29.077,53,296,184,428,426,806,673,1891.0,-0.7471230165042168,51.29254682805704
3971,22.796,249,493,381,452,623,1002,870,1891.0,-0.74578528505121,51.292546828057034
3972,9.517,837,1000,916,345,1195,1196,1007,1891.0,-0.7431098221451967,51.292546828057034
3973,51.332,774,1018,853,282,1148,1133,944,1891.0,-0.7417720906921899,51.292546828057034
3974,69.634,831,1074,909,338,1204,1190,1001,1891.0,-0.7404343592391835,51.292546828057034
3975,0.512,818,1132,971,356,1266,1251,1062,1891.0,-0.7390966277861768,51.29254682805704
3976,31.276,1136,1043,543,590,1511,721,721,1891.0,-0.7350834334271568,51.292546828057034
3977,45.1,1018,925,425,689,1394,603,603,1891.0,-0.7337457019741502,51.292546828057034
3978,21.574,911,818,308,590,1276,486,486,1891.0,-0.7324079705211436,51.29254682805704
3979,39.724,1090,997,487,768,1455,664,664,1891.0,-0.7310702390681368,51.292546828057034
3980,45.355,1167,1073,563,845,1532,741,741,1891.0,-0.7297325076151303,51.29254682805703
3981,47.366,1167,1073,563,845,1532,741,741,1891.0,-0.7283947761621234,51.29254682805704
3982,96.791,343,249,260,21,1220,430,430,1891.0,-0.7270570447091168,51.292546828057034
3983,51.328,324,230,281,2,1201,411,411,1891.0,-0.7257193132561104,51.29254682805704
3984,48.285,321,350,465,188,1332,541,541,1891.0,-0.7243815818031037,51.29254682805705
3985,42.664,307,463,547,270,1413,623,623,1891.0,-0.723043850350097,51.29254682805704
3986,0.138,1584,1626,1147,334,2699,432,1120,1891.0,-0.8019593612288732,51.29158218231093
3987,0.976,1506,1551,1058,203,2624,357,1042,1891.0,-0.800621647532078,51.29158218231094
3988,1.147,1424,1437,974,159,2510,244,960,1891.0,-0.7992839338352825,51.29158218231094
3989,16.316,1333,1406,879,253,2479,212,862,1891.0,-0.797946220138487,51.29158218231093
3990,29.345,1218,1577,793,409,2541,384,754,1891.0,-0.7966085064416915,51.29158218231094
3991,37.557,1186,1517,681,458,2399,398,663,1891.0,-0.7952707927448962,51.291582182310954
3992,40.269,1108,1467,602,495,2349,536,563,1891.0,-0.7939330790481005,51.29158218231093
3993,39.883,1007,1357,492,384,2239,655,452,1891.0,-0.7925953653513051,51.29158218231094
3994,34.321,914,1227,361,254,2109,759,322,1891.0,-0.7912576516545099,51.29158218231094
3995,29.632,820,1133,267,159,2014,854,228,1891.0,-0.7899199379577142,51.29158218231093
3996,11.422,716,1028,162,55,1910,975,123,1891.0,-0.788582224260919,51.29158218231094
3997,13.974,624,936,70,84,1818,1024,31,1891.0,-0.7872445105641234,51.29158218231093
3998,6.287,536,823,89,174,1705,1077,123,1891.0,-0.7859067968673278,51.29158218231093
3999,10.396,481,680,199,272,1562,1180,229,1891.0,-0.7845690831705323,51.29158218231094
4000,18.974,492,648,232,309,1530,1218,267,1891.0,-0.783231369473737,51.291582182310954
4001,63.12,556,678,417,496,1547,1405,393,1891.0,-0.7818936557769415,51.29158218231093
4002,68.262,661,753,522,602,1464,1493,406,1891.0,-0.7805559420801462,51.29158218231094
4003,30.068,780,853,640,720,1348,1544,497,1891.0,-0.7792182283833506,51.29158218231093
4004,7.807,858,768,719,682,1245,1445,576,1891.0,-0.7778805146865552,51.29158218231094
4005,0.0,1258,511,416,582,1240,1046,590,1891.0,-0.7752050872929643,51.29158218231094
4006,31.93,1310,356,369,427,1109,1103,435,1891.0,-0.7738673735961689,51.29158218231094
4007,48.089,1234,280,386,351,1033,1120,359,1891.0,-0.7725296598993733,51.29158218231093
4008,119.262,1203,184,265,220,1003,1031,220,1891.0,-0.7711919462025777,51.29158218231093
4009,61.846,1123,162,280,122,957,976,122,1891.0,-0.7698542325057823,51.29158218231094
4010,58.284,1031,98,342,49,888,893,49,1891.0,-0.7685165188089869,51.29158218231095
4011,65.193,949,53,409,122,816,853,122,1891.0,-0.7671788051121915,51.29158218231094
4012,60.332,781,204,594,272,649,763,272,1891.0,-0.7658410914153961,51.29158218231094
4013,70.573,835,285,675,354,676,709,354,1891.0,-0.7645033777186006,51.29158218231093
4014,33.204,961,458,933,449,562,615,560,1891.0,-0.7631656640218053,51.291582182310954
4015,21.255,566,617,890,312,318,803,469,1891.0,-0.7618279503250099,51.29158218231094
4016,13.316,446,489,883,131,186,630,296,1891.0,-0.7604902366282142,51.29158218231093
4017,7.123,392,435,896,80,125,600,266,1891.0,-0.7591525229314189,51.29158218231094
4018,14.249,306,243,770,117,162,528,188,1891.0,-0.7578148092346234,51.29158218231094
4019,14.678,288,226,768,117,172,552,185,1891.0,-0.756477095537828,51.29158218231094
4020,5.057,283,221,710,47,148,692,139,1891.0,-0.7551393818410326,51.29158218231093
4021,8.076,368,305,618,190,195,692,72,1891.0,-0.753801668144237,51.29158218231093
4022,23.185,449,387,615,231,339,721,220,1891.0,-0.7524639544474415,51.29158218231094
4023,39.882,435,191,373,222,235,648,508,1891.0,-0.7511262407506463,51.29158218231095
4024,14.094,345,113,214,354,368,781,579,1891.0,-0.7497885270538505,51.29158218231094
4025,14.994,402,645,534,605,775,1155,1023,1891.0,-0.7471130996602598,51.29158218231093
4026,24.363,316,559,447,518,689,1069,936,1891.0,-0.7457753859634644,51.29158218231095
4027,49.829,804,1090,1013,399,1260,1294,1105,1891.0,-0.7404245311762826,51.29158218231094
4028,14.754,818,1132,971,356,1266,1251,1062,1891.0,-0.739086817479487,51.29158218231095
4029,3.462,1082,989,607,760,1575,784,784,1891.0,-0.7350736763891009,51.29158218231094
4030,39.973,1024,930,548,702,1516,726,726,1891.0,-0.7337359626923053,51.29158218231094
4031,41.491,965,871,489,643,1457,667,667,1891.0,-0.7323982489955098,51.29158218231094
4032,32.681,807,713,647,485,1615,825,825,1891.0,-0.7310605352987143,51.29158218231094
4033,48.344,1123,1029,519,801,1488,697,697,1891.0,-0.7297228216019189,51.29158218231093
4034,42.056,702,608,619,380,1579,789,789,1891.0,-0.7283851079051235,51.29158218231093
4035,44.028,447,354,364,125,1325,534,534,1891.0,-0.727047394208328,51.29158218231094
4036,36.551,425,129,380,99,1303,512,512,1891.0,-0.7257096805115325,51.29158218231093
4037,101.749,454,284,468,186,1390,599,599,1891.0,-0.7243719668147371,51.29158218231094
4038,87.266,386,439,620,340,1486,695,695,1891.0,-0.7230342531179417,51.29158218231093
4039,21.416,683,1074,208,113,1956,1013,169,1891.0,-0.7885717575654214,51.29061754402682
4040,53.725,615,1026,160,124,1908,1074,121,1891.0,-0.7872340616238346,51.290617544026816
4041,45.363,416,879,152,259,1760,1193,191,1891.0,-0.7858963656822477,51.29061754402681
4042,42.767,418,835,172,279,1717,1206,211,1891.0,-0.7845586697406608,51.290617544026816
4043,49.72,444,696,244,328,1578,1234,283,1891.0,-0.7832209737990741,51.290617544026816
4044,40.706,465,733,327,407,1615,1315,316,1891.0,-0.7818832778574872,51.29061754402681
4045,42.332,573,852,498,578,1595,1344,226,1891.0,-0.7805455819159005,51.290617544026816
4046,1.358,612,869,537,617,1556,1384,265,1891.0,-0.7792078859743139,51.290617544026816
4047,0.0,1437,690,596,761,1419,1225,769,1891.0,-0.777870190032727,51.29061754402681
4048,0.0,1437,690,596,761,1419,1225,769,1891.0,-0.7765324940911401,51.29061754402681
4049,0.0,1258,511,416,582,1240,1046,590,1891.0,-0.7751947981495535,51.290617544026816
4050,13.628,1335,434,355,504,1187,998,512,1891.0,-0.7738571022079664,51.290617544026816
4051,107.367,1351,336,232,350,1171,966,350,1891.0,-0.7725194062663797,51.29061754402681
4052,52.891,1234,223,180,233,1066,946,233,1891.0,-0.771181710324793,51.290617544026816
4053,94.355,1176,233,176,228,1032,978,228,1891.0,-0.7698440143832063,51.29061754402681
4054,82.95,1058,188,259,256,925,988,256,1891.0,-0.7685063184416192,51.29061754402681
4055,93.332,982,264,334,332,850,980,332,1891.0,-0.7671686225000326,51.29061754402682
4056,33.544,751,205,595,273,618,783,273,1891.0,-0.7658309265584458,51.290617544026816
4057,58.613,647,306,678,374,515,870,374,1891.0,-0.7644932306168589,51.290617544026816
4058,26.366,585,647,908,342,349,833,499,1891.0,-0.7631555346752723,51.29061754402681
4059,8.115,473,543,797,247,251,747,413,1891.0,-0.7618178387336854,51.290617544026816
4060,12.426,425,497,776,194,198,712,378,1891.0,-0.7604801427920985,51.290617544026816
4061,11.134,325,368,839,69,69,737,400,1891.0,-0.7591424468505116,51.29061754402681
4062,15.455,212,255,790,18,72,773,430,1891.0,-0.7578047509089251,51.290617544026816
4063,17.773,132,70,846,59,141,697,306,1891.0,-0.7564670549673381,51.290617544026816
4064,13.125,153,91,788,25,41,787,277,1891.0,-0.7551293590257515,51.290617544026816
4065,15.155,251,188,738,78,78,829,229,1891.0,-0.7537916630841645,51.29061754402681
4066,31.738,397,334,515,273,273,833,333,1891.0,-0.7524539671425776,51.290617544026816
4067,39.877,510,289,390,386,386,826,446,1891.0,-0.7511162712009909,51.29061754402681
4068,28.299,398,165,266,407,421,834,570,1891.0,-0.749778575259404,51.290617544026816
4069,25.942,464,552,596,573,798,1195,956,1891.0,-0.7457654874346437,51.29061754402681
4070,18.985,535,670,667,691,908,1288,1075,1891.0,-0.7444277914930569,51.290617544026816
4071,38.532,636,700,801,298,920,1368,1104,1891.0,-0.74309009555147,51.2906175440268
4072,52.404,603,889,990,227,1059,1495,1294,1891.0,-0.7417523996098832,51.29061754402681
4073,76.81,681,983,1072,220,1137,1401,1212,1891.0,-0.7404147036682965,51.290617544026816
4074,103.744,708,1065,1166,246,1163,1455,1266,1891.0,-0.7390770077267097,51.290617544026816
4075,0.0,1350,1593,1239,858,1723,1520,1331,1891.0,-0.7377393117851228,51.290617544026816
4076,0.0,1350,1593,1239,858,1723,1520,1331,1891.0,-0.7364016158435361,51.290617544026816
4077,0.395,1082,989,607,760,1575,784,784,1891.0,-0.7350639199019493,51.29061754402681
4078,4.636,1082,989,607,760,1575,784,784,1891.0,-0.7337262239603625,51.290617544026816
4079,2.044,807,713,647,485,1615,825,825,1891.0,-0.7323885280187755,51.290617544026816
4080,34.929,762,668,641,440,1605,814,814,1891.0,-0.7310508320771888,51.290617544026816
4081,33.402,677,584,594,355,1555,764,764,1891.0,-0.729713136135602,51.290617544026816
4082,51.223,593,499,510,271,1470,680,680,1891.0,-0.7283754401940152,51.290617544026816
4083,49.964,643,550,560,321,1521,730,730,1891.0,-0.7270377442524284,51.29061754402681
4084,36.701,551,10,506,225,1429,638,638,1891.0,-0.7257000483108417,51.290617544026816
4085,84.317,513,343,526,245,1449,658,658,1891.0,-0.7243623523692548,51.29061754402682
4086,53.65,830,660,844,562,1766,975,975,1891.0,-0.723024656427668,51.29061754402681
4087,49.471,583,1099,334,298,1981,965,295,1891.0,-0.7885612914608824,51.28965291320431
4088,46.307,512,1027,296,260,1909,1074,257,1891.0,-0.7872236132735017,51.28965291320431
4089,37.537,398,906,261,324,1787,1208,288,1891.0,-0.7858859350861213,51.289652913204314
4090,48.107,260,884,296,403,1766,1283,335,1891.0,-0.7845482568987405,51.28965291320431
4091,51.92,283,935,374,481,1817,1361,362,1891.0,-0.7832105787113597,51.28965291320431
4092,99.459,382,914,467,575,1796,1362,273,1891.0,-0.7818729005239792,51.289652913204314
4093,41.716,383,974,569,649,1797,1174,65,1891.0,-0.7805352223365984,51.289652913204314
4094,21.609,441,1024,641,722,1824,1202,56,1891.0,-0.779197544149218,51.289652913204314
4095,13.809,472,1075,688,768,1875,1225,54,1891.0,-0.7778598659618373,51.289652913204314
4096,0.0,1437,690,596,761,1419,1225,769,1891.0,-0.7765221877744567,51.289652913204314
4097,0.0,1454,605,510,676,1358,849,684,1891.0,-0.7751845095870761,51.289652913204314
4098,79.67,1471,504,189,507,1320,888,507,1891.0,-0.7738468313996953,51.289652913204314
4099,120.718,1375,388,61,391,1232,780,391,1891.0,-0.772509153212315,51.289652913204314
4100,95.0,1288,356,29,344,1155,864,344,1891.0,-0.7711714750249341,51.289652913204314
4101,61.169,1074,407,334,475,972,837,475,1891.0,-0.7698337968375536,51.289652913204314
4102,67.791,1030,336,286,405,898,932,405,1891.0,-0.7684961186501729,51.28965291320431
4103,118.72,924,281,393,350,791,996,350,1891.0,-0.7671584404627922,51.28965291320431
4104,74.811,792,425,546,494,660,1005,494,1891.0,-0.7658207622754117,51.289652913204314
4105,27.345,706,377,610,445,574,941,445,1891.0,-0.764483084088031,51.28965291320431
4106,15.467,540,470,712,408,408,915,426,1891.0,-0.7631454059006503,51.289652913204314
4107,23.333,394,519,718,301,301,837,425,1891.0,-0.7618077277132698,51.289652913204314
4108,15.92,353,479,676,268,275,823,369,1891.0,-0.7604700495258889,51.2896529132043
4109,19.121,167,230,650,154,222,927,310,1891.0,-0.7591323713385083,51.289652913204314
4110,20.527,134,196,741,83,151,857,402,1891.0,-0.7577946931511278,51.2896529132043
4111,16.938,35,100,815,173,177,859,423,1891.0,-0.7564570149637471,51.289652913204314
4112,5.402,189,127,727,86,86,862,331,1891.0,-0.7551193367763667,51.289652913204314
4113,9.179,263,186,665,111,111,897,324,1891.0,-0.7537816585889859,51.28965291320431
4114,25.778,336,246,610,171,171,894,384,1891.0,-0.7524439804016052,51.28965291320431
4115,31.546,592,451,494,427,427,1075,640,1891.0,-0.7511063022142248,51.289652913204314
4116,20.954,526,294,395,535,549,962,698,1891.0,-0.7497686240268439,51.2896529132043
4117,16.859,773,540,608,608,608,1209,821,1891.0,-0.7484309458394635,51.289652913204314
4118,27.483,756,563,631,631,631,1232,844,1891.0,-0.7470932676520828,51.28965291320431
4119,27.754,565,525,626,509,743,1193,929,1891.0,-0.7457555894647022,51.289652913204314
4120,24.723,605,565,666,513,705,1234,970,1891.0,-0.7444179112773215,51.28965291320431
4121,16.427,636,700,801,298,920,1368,1104,1891.0,-0.7430802330899409,51.28965291320431
4122,30.833,547,790,891,207,1003,1459,1195,1891.0,-0.7417425549025601,51.289652913204314
4123,74.436,573,922,998,115,1029,1527,1303,1891.0,-0.7404048767151796,51.28965291320431
4124,157.641,589,1025,1008,128,1045,1601,1402,1891.0,-0.739067198527799,51.2896529132043
4125,1.363,1350,1593,1239,858,1723,1520,1331,1891.0,-0.7377295203404182,51.28965291320431
4126,0.0,1360,1604,1249,868,1734,1530,1341,1891.0,-0.7363918421530377,51.28965291320431
4127,12.737,733,560,650,411,1611,820,820,1891.0,-0.7297034512161346,51.28965291320431
4128,48.03,733,560,650,411,1611,820,820,1891.0,-0.7283657730287538,51.289652913204314
4129,39.588,618,84,573,291,1495,705,705,1891.0,-0.7270280948413731,51.289652913204314
4130,37.57,579,45,534,253,1457,666,666,1891.0,-0.7256904166539927,51.289652913204314
4131,38.643,665,495,678,397,1601,810,810,1891.0,-0.7243527384666121,51.28965291320431
4132,104.355,741,571,755,473,1677,886,886,1891.0,-0.7230150602792316,51.289652913204314
4133,27.969,654,1169,459,423,2051,1045,420,1891.0,-0.7885508259472529,51.28868828984305
4134,49.287,598,1113,460,465,1995,1130,462,1891.0,-0.7872131655130761,51.28868828984305
4135,60.683,485,1000,394,411,1882,1219,408,1891.0,-0.7858755050788994,51.28868828984305
4136,54.056,155,1020,441,549,1902,1389,440,1891.0,-0.7845378446447224,51.28868828984305
4137,78.566,181,1034,455,562,1916,1356,296,1891.0,-0.7832001842105455,51.28868828984305
4138,76.81,250,1046,526,633,1928,1304,235,1891.0,-0.7818625237763686,51.28868828984305
4139,76.139,354,1008,595,682,1824,1165,77,1891.0,-0.7805248633421918,51.28868828984305
4140,38.113,380,1019,613,694,1822,1138,53,1891.0,-0.7791872029080151,51.28868828984305
4141,10.804,472,1075,688,768,1875,1225,54,1891.0,-0.7778495424738383,51.28868828984305
4142,0.0,1567,675,343,678,1434,751,678,1891.0,-0.7751742216054843,51.28868828984305
4143,91.046,1525,606,275,610,1386,811,610,1891.0,-0.7738365611713077,51.28868828984306
4144,119.559,1421,556,222,559,1350,665,559,1891.0,-0.7724989007371308,51.28868828984305
4145,72.817,1366,559,225,562,1294,609,562,1891.0,-0.771161240302954,51.28868828984305
4146,78.011,1067,498,425,567,995,745,567,1891.0,-0.7698235798687771,51.28868828984305
4147,109.994,920,515,626,583,864,786,583,1891.0,-0.7684859194346004,51.28868828984305
4148,29.422,862,407,518,475,777,910,475,1891.0,-0.7671482590004236,51.28868828984305
4149,55.326,740,499,611,568,684,819,568,1891.0,-0.7658105985662467,51.28868828984306
4150,15.906,631,561,785,499,499,885,518,1891.0,-0.7644729381320697,51.28868828984305
4151,18.106,617,547,789,484,484,992,503,1891.0,-0.7631352776978928,51.28868828984305
4152,26.292,318,443,490,204,429,957,204,1891.0,-0.7617976172637162,51.28868828984305
4153,15.225,228,389,559,244,321,941,261,1891.0,-0.760459956829539,51.288688289843044
4154,2.12,186,297,606,187,257,963,277,1891.0,-0.7591222963953622,51.28868828984305
4155,3.14,143,328,621,208,314,1020,281,1891.0,-0.7577846359611854,51.28868828984305
4156,8.494,102,168,769,277,283,930,484,1891.0,-0.7564469755270087,51.28868828984305
4157,4.286,330,150,661,267,267,1017,484,1891.0,-0.7551093150928319,51.28868828984306
4158,8.676,302,83,557,220,220,991,436,1891.0,-0.7537716546586548,51.288688289843044
4159,29.063,391,271,530,277,277,985,476,1891.0,-0.7524339942244781,51.28868828984305
4160,40.278,547,457,449,382,382,1031,595,1891.0,-0.7510963337903013,51.28868828984306
4161,22.72,630,413,481,465,465,1075,678,1891.0,-0.7497586733561243,51.28868828984305
4162,29.49,759,527,595,594,594,1195,807,1891.0,-0.7484210129219475,51.28868828984305
4163,16.217,756,563,631,631,631,1232,844,1891.0,-0.7470833524877705,51.28868828984305
4164,25.757,588,637,738,584,634,1305,1041,1891.0,-0.7457456920535939,51.28868828984305
4165,28.6,690,739,840,686,736,1407,1143,1891.0,-0.744408031619417,51.28868828984305
4166,27.133,690,739,840,686,736,1407,1143,1891.0,-0.7430703711852403,51.28868828984306
4167,43.839,438,935,899,74,894,1604,1340,1891.0,-0.7417327107510633,51.28868828984305
4168,38.305,458,956,919,42,914,1608,1360,1891.0,-0.7403950503168865,51.28868828984305
4169,86.534,534,1051,933,99,989,1661,1453,1891.0,-0.7390573898827096,51.28868828984305
4170,23.517,520,1119,898,141,998,1729,1523,1891.0,-0.7377197294485327,51.288688289843044
4171,0.0,1490,1733,1379,997,1730,1652,1471,1891.0,-0.7363820690143558,51.288688289843044
4172,0.0,1591,1834,1480,1098,1629,1551,1572,1891.0,-0.735044408580179,51.28868828984305
4173,5.18,908,735,825,586,1785,995,995,1891.0,-0.7310314272776485,51.28868828984306
4174,17.077,911,738,828,589,1788,998,998,1891.0,-0.7296937668434716,51.28868828984305
4175,31.053,886,714,803,565,1764,973,973,1891.0,-0.7283561064092947,51.28868828984305
4176,35.489,792,258,747,173,1669,879,879,1891.0,-0.7256807855409411,51.28868828984305
4177,0.021,665,1181,510,474,2063,1140,471,1891.0,-0.7885403610244851,51.287723673942686
4178,5.539,582,1098,491,508,1980,1316,505,1891.0,-0.7872027183425097,51.28772367394268
4179,28.193,346,1103,506,568,1985,1387,517,1891.0,-0.7858650756605345,51.28772367394269
4180,81.795,72,1071,484,591,1953,1420,491,1891.0,-0.7845274329785589,51.28772367394267
4181,96.859,43,1089,509,617,1970,1322,375,1891.0,-0.7831897902965836,51.28772367394268
4182,90.294,138,1159,580,687,2035,1231,285,1891.0,-0.7818521476146083,51.287723673942686
4183,48.477,252,1249,680,787,2057,1139,288,1891.0,-0.780514504932633,51.28772367394269
4184,25.688,352,1153,746,830,1957,995,187,1891.0,-0.7791768622506573,51.28772367394268
4185,0.165,461,1254,855,937,2030,923,284,1891.0,-0.7778392195686822,51.287723673942686
4186,0.0,1490,778,447,667,1435,648,782,1891.0,-0.7751639342047312,51.28772367394268
4187,18.233,1490,778,447,667,1435,648,782,1891.0,-0.773826291522756,51.287723673942686
4188,33.932,1357,567,234,562,1285,601,571,1891.0,-0.7724886488407805,51.287723673942686
4189,67.142,1274,664,331,523,1219,503,668,1891.0,-0.7711510061588049,51.28772367394268
4190,50.294,1037,607,534,676,982,702,676,1891.0,-0.7698133634768296,51.28772367394267
4191,41.298,920,515,626,583,864,786,583,1891.0,-0.7684757207948545,51.287723673942686
4192,15.027,920,515,626,583,864,786,583,1891.0,-0.7671380781128793,51.28772367394269
4193,11.227,725,559,670,563,670,759,563,1891.0,-0.7658004354309037,51.28772367394268
4194,9.646,655,584,696,538,599,785,538,1891.0,-0.7644627927489284,51.28772367394269
4195,12.772,527,685,695,410,636,838,410,1891.0,-0.7631251500669529,51.28772367394267
4196,6.358,365,539,534,248,523,848,248,1891.0,-0.7617875073849775,51.28772367394268
4197,1.318,243,494,386,79,456,967,79,1891.0,-0.7604498647030021,51.28772367394268
4198,3.97,137,419,480,140,377,1048,141,1891.0,-0.7591122220210268,51.28772367394267
4199,13.374,54,447,539,271,456,1162,271,1891.0,-0.7577745793390515,51.28772367394269
4200,15.641,208,344,363,392,577,1121,392,1891.0,-0.756436936657076,51.287723673942686
4201,14.422,373,378,397,476,737,1153,319,1891.0,-0.7550992939751008,51.28772367394269
4202,20.316,417,126,519,334,334,1105,547,1891.0,-0.7537616512931251,51.28772367394268
4203,13.599,463,136,388,380,380,1129,508,1891.0,-0.75242400861115,51.28772367394269
4204,37.609,752,412,309,637,637,1216,598,1891.0,-0.7510863659291744,51.28772367394268
4205,38.763,752,412,309,637,637,1216,598,1891.0,-0.7497487232471991,51.28772367394269
4206,26.279,590,589,466,684,636,1393,775,1891.0,-0.7470734378832484,51.28772367394269
4207,28.861,582,716,613,675,628,1457,902,1891.0,-0.7457357952012732,51.28772367394267
4208,25.792,509,716,686,602,555,1384,975,1891.0,-0.7443981525192978,51.28772367394268
4209,36.791,323,982,784,416,634,1636,1177,1891.0,-0.7417228671553469,51.28772367394269
4210,48.872,334,994,781,151,790,1633,1333,1891.0,-0.7403852244733717,51.287723673942686
4211,52.321,466,1106,844,107,964,1696,1507,1891.0,-0.7390475817913963,51.287723673942686
4212,57.521,395,1177,773,178,1008,1625,1551,1891.0,-0.7377099391094207,51.28772367394267
4213,0.0,1595,1838,1484,1102,1626,1547,1575,1891.0,-0.7363722964274454,51.28772367394268
4214,0.0,1591,1834,1480,1098,1629,1551,1572,1891.0,-0.7350346537454702,51.28772367394269
4215,14.599,992,819,909,670,1870,1079,1079,1891.0,-0.7310217256995439,51.28772367394269
4216,2.688,971,798,888,649,1849,1058,1058,1891.0,-0.7296840830175686,51.287723673942686
4217,20.815,829,223,784,136,1676,916,916,1891.0,-0.7256711549716424,51.28772367394269
4218,46.787,893,335,897,248,1788,1028,1028,1891.0,-0.724333512289667,51.28772367394267
4219,23.87,884,349,898,262,1801,1029,1029,1891.0,-0.7229958696076916,51.28772367394268
4220,3.722,81,1213,634,741,2095,1266,344,1891.0,-0.7831793969694256,51.28675906550286
4221,22.683,251,1341,789,897,2147,1185,378,1891.0,-0.7818417720386496,51.28675906550286
4222,34.676,251,1303,789,897,2109,1148,340,1891.0,-0.7805041471078733,51.28675906550284
4223,34.306,444,1246,847,918,2013,907,277,1891.0,-0.7791665221770973,51.28675906550286
4224,2.571,461,1254,855,937,2030,923,284,1891.0,-0.777828897246321,51.28675906550285
4225,0.0,1412,856,525,589,1357,569,860,1891.0,-0.7751536473847689,51.28675906550284
4226,59.306,1412,856,525,589,1357,569,860,1891.0,-0.7738160224539927,51.28675906550285
4227,67.155,1256,683,349,505,1201,485,686,1891.0,-0.7724783975232167,51.28675906550286
4228,78.145,1226,764,430,426,1171,407,767,1891.0,-0.7711407725924405,51.28675906550286
4229,23.571,1121,716,484,603,1066,584,785,1891.0,-0.7698031476616642,51.28675906550285
4230,23.859,908,879,840,612,945,592,791,1891.0,-0.7684655227308882,51.28675906550286
4231,14.471,846,749,861,605,815,569,728,1891.0,-0.7671278978001121,51.28675906550285
4232,4.831,684,717,764,567,729,716,567,1891.0,-0.7644526479385598,51.28675906550286
4233,1.599,454,612,623,337,575,763,337,1891.0,-0.7631150230077837,51.28675906550284
4234,3.304,324,540,407,124,542,913,124,1891.0,-0.7617773980770075,51.28675906550284
4235,5.7,297,481,349,72,536,993,80,1891.0,-0.7604397731462315,51.28675906550286
4236,2.658,331,479,346,70,572,1013,94,1891.0,-0.7591021482154553,51.28675906550285
4237,15.05,187,535,555,371,557,1262,371,1891.0,-0.7577645232846791,51.28675906550285
4238,153.681,274,278,298,376,643,1056,338,1891.0,-0.7564268983539031,51.28675906550285
4239,204.148,378,376,399,478,651,1067,265,1891.0,-0.7550892734231269,51.28675906550285
4240,24.31,440,390,429,507,650,1018,259,1891.0,-0.7537516484923507,51.28675906550285
4241,15.447,562,221,292,465,478,1047,424,1891.0,-0.7524140235615746,51.28675906550285
4242,39.592,655,315,207,546,573,1119,501,1891.0,-0.7510763986307986,51.28675906550285
4243,30.921,732,391,116,622,649,1195,578,1891.0,-0.7497387737000223,51.28675906550285
4244,37.827,749,508,0,739,629,1312,694,1891.0,-0.7484011487692462,51.28675906550285
4245,31.009,590,589,466,684,636,1393,775,1891.0,-0.7470635238384701,51.28675906550286
4246,23.501,523,656,534,616,569,1460,842,1891.0,-0.745725898907694,51.28675906550284
4247,25.04,404,775,612,497,450,1489,961,1891.0,-0.7443882739769179,51.28675906550286
4248,26.568,268,911,717,361,555,1581,1098,1891.0,-0.7430506490461417,51.28675906550286
4249,37.096,179,838,642,295,644,1494,1187,1891.0,-0.7417130241153655,51.28675906550284
4250,33.89,342,1063,775,178,860,1627,1402,1891.0,-0.7403753991845896,51.28675906550286
4251,77.796,276,1106,709,244,902,1561,1445,1891.0,-0.7390377742538132,51.28675906550285
4252,137.399,310,1192,688,263,998,1540,1540,1891.0,-0.7377001493230371,51.28675906550284
4253,0.549,1220,407,1175,254,1859,1307,1307,1891.0,-0.7296743997383804,51.28675906550286
4254,1.065,1190,376,1145,224,1829,1277,1277,1891.0,-0.7283367748076041,51.28675906550285
4255,24.192,1101,288,1056,135,1740,1188,1188,1891.0,-0.726999149876828,51.28675906550285
4256,44.93,966,119,921,32,1572,1052,1052,1891.0,-0.7256615249460522,51.28675906550286
4257,47.59,1061,455,1016,367,1907,1148,1148,1891.0,-0.7243239000152759,51.28675906550284
4258,41.451,1273,220,1177,372,1672,1313,1360,1891.0,-0.7229862750844998,51.28675906550286
4259,3.414,587,1382,981,782,1869,763,413,1891.0,-0.7791561826872865,51.28579446452319
4260,9.708,635,1428,1030,814,1901,795,458,1891.0,-0.7778185755067074,51.2857944645232
4261,22.758,1321,927,593,427,1291,407,930,1891.0,-0.7738057539649704,51.285794464523185
4262,52.819,1278,851,517,419,1235,400,855,1891.0,-0.7724681467843914,51.2857944645232
4263,6.217,1213,863,529,364,1212,345,866,1891.0,-0.7711305396038122,51.28579446452319
4264,13.954,1038,1008,721,493,1075,474,921,1891.0,-0.7697929324232333,51.28579446452319
4265,9.113,1061,1032,742,514,1098,495,944,1891.0,-0.768455325242654,51.28579446452319
4266,14.394,816,783,894,576,849,539,699,1891.0,-0.7671177180620752,51.28579446452319
4267,2.548,861,789,805,469,1040,511,710,1891.0,-0.7657801108814961,51.28579446452319
4268,1.314,712,540,455,373,948,641,528,1891.0,-0.7644425037009173,51.2857944645232
4269,1.328,633,504,376,295,869,611,450,1891.0,-0.7631048965203382,51.2857944645232
4270,4.885,483,397,264,136,719,740,278,1891.0,-0.7617672893397592,51.2857944645232
4271,11.83,421,320,187,29,660,854,175,1891.0,-0.76042968215918,51.28579446452319
4272,5.965,467,369,236,73,706,903,221,1891.0,-0.759092074978601,51.285794464523185
4273,9.805,403,287,306,385,773,1064,358,1891.0,-0.757754467798022,51.28579446452319
4274,6.08,398,169,188,267,767,946,240,1891.0,-0.756416860617443,51.28579446452319
4275,7.751,523,334,353,432,733,953,184,1891.0,-0.7550792534368639,51.28579446452319
4276,7.099,523,363,382,461,733,967,213,1891.0,-0.7537416462562847,51.28579446452319
4277,6.595,674,334,379,361,591,934,316,1891.0,-0.7524040390757059,51.2857944645232
4278,27.586,828,535,503,468,708,1041,423,1891.0,-0.7510664318951269,51.28579446452319
4279,21.77,759,419,89,650,676,1223,605,1891.0,-0.7497288247145477,51.28579446452319
4280,23.902,749,508,0,739,629,1312,694,1891.0,-0.7483912175339686,51.285794464523185
4281,79.66,595,728,221,760,475,1333,715,1891.0,-0.7470536103533896,51.2857944645232
4282,25.005,489,764,259,701,369,1274,656,1891.0,-0.7457160031728107,51.28579446452319
4283,37.542,401,676,443,635,281,1411,840,1891.0,-0.7443783959922318,51.2857944645232
4284,1.539,153,837,630,307,670,1482,1212,1891.0,-0.7417031816310737,51.2857944645232
4285,16.13,49,971,499,435,798,1351,1340,1891.0,-0.7403655744504946,51.28579446452319
4286,71.127,118,1036,551,389,855,1403,1398,1891.0,-0.7390279672699155,51.28579446452319
4287,115.953,337,1182,510,441,1024,1362,1467,1891.0,-0.7376903600893364,51.285794464523185
4288,38.679,337,1182,510,441,1024,1362,1467,1891.0,-0.7363527529087576,51.2857944645232
4289,0.0,1772,2102,1791,1410,1318,1239,1318,1891.0,-0.7350151457281786,51.2857944645232
4290,0.0,1772,2102,1791,1410,1318,1239,1318,1891.0,-0.7336775385475993,51.28579446452319
4291,16.782,1220,407,1175,254,1859,1307,1307,1891.0,-0.7296647170058623,51.28579446452319
4292,34.327,1190,376,1145,224,1829,1277,1277,1891.0,-0.7283271098252831,51.28579446452319
4293,29.748,1102,289,1057,136,1741,1189,1189,1891.0,-0.7269895026447042,51.28579446452319
4294,44.563,1053,0,957,152,1452,1093,1140,1891.0,-0.7256518954641252,51.28579446452319
4295,72.361,1142,135,962,288,1457,1098,1275,1891.0,-0.7243142882835463,51.2857944645232
4296,76.932,1258,205,1162,358,1657,1298,1345,1891.0,-0.7229766811029672,51.2857944645232
4297,0.0,839,1640,1233,899,1998,879,672,1891.0,-0.7818210226439454,51.28482987100334
4298,0.226,705,1506,1099,765,1864,746,539,1891.0,-0.7804834332125613,51.284829871003325
4299,0.202,690,1490,1084,725,1820,705,523,1891.0,-0.7791458437811773,51.28482987100334
4300,0.08,703,1495,1097,664,1762,644,526,1891.0,-0.7778082543497934,51.28482987100334
4301,0.384,846,1362,1028,524,1614,505,669,1891.0,-0.7764706649184092,51.28482987100334
4302,1.472,963,1263,929,404,1510,384,786,1891.0,-0.7751330754870251,51.28482987100334
4303,0.409,972,1230,896,409,1482,389,795,1891.0,-0.7737954860556414,51.28482987100333
4304,47.559,1235,902,569,337,1267,318,906,1891.0,-0.7724578966242573,51.28482987100334
4305,7.584,1161,920,586,359,1198,339,924,1891.0,-0.7711203071928732,51.28482987100333
4306,11.034,1118,963,630,402,1155,382,967,1891.0,-0.7697827177614893,51.28482987100333
4307,2.892,1057,1027,721,493,1093,474,940,1891.0,-0.7684451283301053,51.28482987100334
4308,4.842,976,730,694,431,1212,553,789,1891.0,-0.7671075388987215,51.28482987100333
4309,3.461,910,664,629,365,1146,487,724,1891.0,-0.7657699494673376,51.28482987100334
4310,1.758,708,477,442,357,944,534,525,1891.0,-0.7644323600359535,51.28482987100334
4311,14.026,650,434,381,307,886,567,465,1891.0,-0.7630947706045695,51.28482987100334
4312,4.386,572,313,275,209,811,651,370,1891.0,-0.7617571811731855,51.28482987100333
4313,3.343,539,234,192,119,778,739,293,1891.0,-0.7604195917418013,51.28482987100333
4314,3.27,602,115,216,37,850,872,351,1891.0,-0.7590820023104173,51.28482987100334
4315,6.133,552,33,133,97,922,922,294,1891.0,-0.7577444128790335,51.28482987100333
4316,8.691,476,147,167,245,846,853,201,1891.0,-0.7564068234476494,51.28482987100334
4317,7.356,581,269,289,364,794,871,116,1891.0,-0.7550692340162655,51.28482987100333
4318,8.366,611,298,322,371,757,877,152,1891.0,-0.7537316445848814,51.284829871003325
4319,11.253,701,395,424,291,660,864,238,1891.0,-0.7523940551534974,51.28482987100333
4320,7.581,796,462,486,382,690,955,337,1891.0,-0.7510564657221135,51.28482987100334
4321,38.559,790,531,465,464,669,1037,419,1891.0,-0.7497188762907294,51.28482987100334
4322,36.551,576,556,520,560,457,1133,515,1891.0,-0.7483812868593456,51.28482987100334
4323,64.819,513,742,235,678,393,1251,633,1891.0,-0.7470436974279614,51.28482987100334
4324,59.382,489,764,259,701,369,1274,656,1891.0,-0.7457061079965774,51.28482987100333
4325,26.375,353,628,395,683,233,1364,792,1891.0,-0.7443685185651936,51.28482987100334
4326,15.51,332,606,544,664,0,1342,812,1891.0,-0.7430309291338094,51.28482987100333
4327,0.0,0,991,490,461,823,1342,1366,1891.0,-0.7403557502710415,51.28482987100333
4328,6.997,62,1040,427,455,872,1279,1415,1891.0,-0.7390181608396573,51.284829871003325
4329,51.792,212,954,282,309,874,1134,1374,1891.0,-0.7376805714082735,51.28482987100334
4330,55.565,320,1037,364,392,957,1216,1359,1891.0,-0.7363429819768894,51.28482987100334
4331,0.388,1772,2102,1791,1410,1318,1239,1318,1891.0,-0.7350053925455056,51.28482987100334
4332,0.0,1732,2062,1819,1450,1278,1199,1278,1891.0,-0.7336678031141214,51.28482987100333
4333,2.69,1217,404,1173,251,1856,1304,1304,1891.0,-0.7283174453885856,51.28482987100334
4334,33.612,1024,113,843,266,1339,979,1253,1891.0,-0.7256422665258174,51.28482987100334
4335,51.717,1091,159,910,311,1405,1046,1299,1891.0,-0.7243046770944335,51.28482987100334
4336,54.869,1154,297,973,450,1469,1109,1437,1891.0,-0.7229670876630495,51.284829871003325
4337,0.455,855,1655,1249,909,2008,890,688,1891.0,-0.7818106488251036,51.28386528494293
4338,0.69,844,1645,1239,864,1963,845,678,1891.0,-0.7804730771419127,51.28386528494292
4339,1.573,815,1615,1209,831,1930,812,648,1891.0,-0.7791355054587217,51.28386528494293
4340,0.979,1032,1833,1426,1048,2147,1029,865,1891.0,-0.7777979337755307,51.28386528494293
4341,1.233,1086,1887,1481,1103,2202,1084,920,1891.0,-0.77646036209234,51.28386528494293
4342,0.622,1168,1969,1562,1184,2283,1165,1001,1891.0,-0.7751227904091489,51.28386528494293
4343,0.231,1535,2336,1929,1551,2650,1532,1368,1891.0,-0.7737852187259581,51.28386528494293
4344,0.734,1614,2415,2009,1631,2730,1612,1448,1891.0,-0.772447647042767,51.28386528494293
4345,0.367,1124,1028,724,162,1268,143,1006,1891.0,-0.7711100753595761,51.28386528494293
4346,0.925,1159,991,810,95,1304,94,1034,1891.0,-0.7697725036763853,51.28386528494293
4347,3.618,1150,904,868,70,1386,135,964,1891.0,-0.7684349319931943,51.28386528494293
4348,3.558,1011,765,730,68,1247,234,825,1891.0,-0.7670973603100034,51.28386528494293
4349,7.626,901,652,619,184,1137,306,714,1891.0,-0.7657597886268125,51.28386528494293
4350,3.202,791,536,509,318,1027,440,604,1891.0,-0.7644222169436213,51.28386528494293
4351,3.291,739,490,458,364,975,486,553,1891.0,-0.7630846452604305,51.28386528494292
4352,3.793,638,372,345,277,875,604,441,1891.0,-0.7617470735772397,51.28386528494293
4353,2.386,605,246,263,152,844,713,359,1891.0,-0.7604095018940485,51.28386528494292
4354,0.461,664,172,286,99,910,795,412,1891.0,-0.7590719302108576,51.28386528494292
4355,0.286,602,49,182,146,971,841,344,1891.0,-0.7577343585276668,51.28386528494293
4356,1.825,630,191,320,268,938,714,284,1891.0,-0.7563967868444759,51.28386528494293
4357,10.939,694,267,397,309,861,795,237,1891.0,-0.7550592151612848,51.28386528494293
4358,9.522,768,341,471,229,929,741,184,1891.0,-0.753721643478094,51.28386528494292
4359,11.954,806,506,526,167,734,740,123,1891.0,-0.752384071794903,51.28386528494292
4360,11.329,703,438,606,271,585,845,227,1891.0,-0.7510465001117123,51.28386528494293
4361,51.863,645,542,710,375,527,948,330,1891.0,-0.7497089284285212,51.28386528494293
4362,62.869,517,425,729,457,399,1030,412,1891.0,-0.7483713567453302,51.28386528494292
4363,32.631,420,388,633,550,301,1070,510,1891.0,-0.7470337850621394,51.28386528494293
4364,22.224,320,490,532,630,199,1172,612,1891.0,-0.7456962133789484,51.28386528494292
4365,40.263,226,500,438,558,114,1236,706,1891.0,-0.7443586416957575,51.28386528494293
4366,15.138,99,515,359,431,431,1250,931,1891.0,-0.7430210700125666,51.28386528494293
4367,0.0,144,560,404,476,476,1295,976,1891.0,-0.7416834983293755,51.28386528494292
4368,7.309,415,831,155,275,747,1100,1247,1891.0,-0.7390083549629937,51.28386528494293
4369,19.466,243,944,272,299,864,1124,1364,1891.0,-0.7376707832798026,51.28386528494292
4370,105.387,349,959,287,315,879,1139,1314,1891.0,-0.7363332115966118,51.28386528494293
4371,3.412,455,1026,367,382,959,1102,1198,1891.0,-0.7349956399134208,51.28386528494292
4372,0.0,1160,683,980,789,1475,1116,1475,1891.0,-0.730982924863848,51.28386528494293
4373,0.0,1160,683,980,789,1475,1116,1475,1891.0,-0.729645353180657,51.28386528494293
4374,2.465,1002,525,821,631,1317,957,1317,1891.0,-0.7283077814974661,51.28386528494293
4375,8.747,950,473,769,579,1265,905,1265,1891.0,-0.7269702098142751,51.28386528494293
4376,40.912,909,228,728,381,1224,864,1224,1891.0,-0.7256326381310843,51.28386528494293
4377,46.384,1119,262,939,415,1434,1074,1402,1891.0,-0.7242950664478934,51.28386528494293
4378,47.796,940,928,823,568,1318,959,1318,1891.0,-0.7229574947647024,51.28386528494293
4379,4.428,1410,2135,1465,1429,2569,1451,1244,1891.0,-0.7884880452718707,51.28290070634159
4380,0.15,965,1766,1359,987,2086,968,799,1891.0,-0.7818002755918717,51.282900706341586
4381,0.045,908,1709,1302,925,2024,905,742,1891.0,-0.7804627216558718,51.28290070634159
4382,1.12,925,1726,1319,942,2041,923,759,1891.0,-0.7791251677198722,51.2829007063416
4383,2.866,965,1766,1359,982,2080,962,799,1891.0,-0.7777876137838724,51.28290070634159
4384,2.159,1066,1867,1460,1082,2181,1063,899,1891.0,-0.7764500598478726,51.2829007063416
4385,0.441,1134,1935,1529,1151,2250,1132,968,1891.0,-0.7751125059118726,51.282900706341586
4386,0.059,1341,2142,1735,1358,2456,1338,1175,1891.0,-0.773774951975873,51.28290070634159
4387,1.794,1393,2194,1788,1410,2509,1391,1227,1891.0,-0.7724373980398733,51.2829007063416
4388,4.761,1208,1084,816,145,1353,104,1083,1891.0,-0.7710998441038736,51.2829007063416
4389,2.563,1186,949,862,37,1365,37,1008,1891.0,-0.7697622901678737,51.28290070634159
4390,3.396,1116,870,834,86,1352,102,929,1891.0,-0.7684247362318738,51.282900706341586
4391,2.699,1051,799,769,107,1287,199,865,1891.0,-0.7670871822958742,51.28290070634159
4392,1.263,935,683,654,168,1171,290,749,1891.0,-0.7657496283598744,51.282900706341586
4393,7.861,2151,1586,1795,1146,2402,1063,1656,1891.0,-0.7630745204878748,51.28290070634159
4394,3.676,763,323,453,261,1029,589,216,1891.0,-0.7563867508078758,51.28290070634159
4395,3.157,796,357,487,217,984,554,172,1891.0,-0.755049196871876,51.2829007063416
4396,9.158,861,433,563,168,936,680,123,1891.0,-0.7537116429358762,51.282900706341586
4397,10.616,809,479,658,22,832,595,22,1891.0,-0.7523740889998766,51.28290070634159
4398,13.466,631,300,744,155,696,728,200,1891.0,-0.7510365350638768,51.2829007063416
4399,57.819,553,329,721,233,618,806,278,1891.0,-0.7496989811278768,51.282900706341586
4400,58.618,424,200,592,362,489,882,407,1891.0,-0.7483614271918773,51.28290070634159
4401,64.69,358,199,550,428,424,939,473,1891.0,-0.7470238732558773,51.282900706341586
4402,43.482,233,258,445,536,365,998,599,1891.0,-0.7456863193198778,51.2829007063416
4403,62.465,176,315,388,508,308,1055,656,1891.0,-0.744348765383878,51.282900706341586
4404,26.487,70,374,283,403,261,1109,761,1891.0,-0.7430112114478781,51.282900706341586
4405,24.369,37,454,269,341,369,1163,869,1891.0,-0.7416736575118781,51.282900706341586
4406,27.335,218,634,41,305,550,1129,1050,1891.0,-0.7403361035758785,51.28290070634159
4407,51.244,275,692,33,263,607,1087,1107,1891.0,-0.7389985496398787,51.2829007063416
4408,55.752,367,784,110,152,702,977,1202,1891.0,-0.7376609957038788,51.28290070634159
4409,59.778,428,1001,340,356,921,1140,1248,1891.0,-0.7363234417678791,51.2829007063416
4410,33.705,562,920,474,275,939,1066,1171,1891.0,-0.7349858878318793,51.28290070634159
4411,0.0,1499,1819,1577,1542,1044,966,1044,1891.0,-0.7336483338958796,51.2829007063416
4412,0.0,3022,3265,2911,2530,3395,3192,3003,1891.0,-0.7323107799598797,51.2829007063416
4413,0.0,1160,683,980,789,1475,1116,1475,1891.0,-0.7309732260238799,51.28290070634159
4414,0.0,1160,683,980,789,1475,1116,1475,1891.0,-0.7296356720878803,51.282900706341586
4415,0.462,1002,525,821,631,1317,957,1317,1891.0,-0.7282981181518804,51.2829007063416
4416,7.964,950,473,769,579,1265,905,1265,1891.0,-0.7269605642158807,51.2829007063416
4417,32.059,807,330,626,436,1121,762,1121,1891.0,-0.725623010279881,51.2829007063416
4418,29.149,901,889,785,530,1280,921,1280,1891.0,-0.7229479024078813,51.282900706341586
4419,0.784,1410,2135,1465,1429,2569,1451,1244,1891.0,-0.7884775838932536,51.281936135199004
4420,0.471,1116,1917,1510,1133,2231,1113,950,1891.0,-0.7804523667543908,51.281936135199
4421,3.931,974,1775,1368,991,2089,971,808,1891.0,-0.7791148305645806,51.28193613519901
4422,1.56,974,1775,1368,991,2089,971,808,1891.0,-0.77777729437477,51.281936135199
4423,0.0,1381,2182,1776,1398,2497,1379,1215,1891.0,-0.7737646858053387,51.281936135199004
4424,0.719,1493,2279,1887,1510,2609,1491,1327,1891.0,-0.7724271496155282,51.281936135199
4425,1.637,1545,2223,1939,1561,2660,1542,1378,1891.0,-0.7710896134257177,51.281936135199
4426,4.345,1254,996,972,371,1490,391,1067,1891.0,-0.7697520772359073,51.281936135199
4427,11.236,1139,881,857,256,1375,276,952,1891.0,-0.768414541046097,51.281936135199
4428,3.795,1874,1863,2072,1423,2679,1340,1708,1891.0,-0.7670770048562866,51.281936135199004
4429,0.84,1562,923,1132,482,1738,400,993,1891.0,-0.7563767153378029,51.281936135199
4430,6.617,913,473,603,334,1102,424,290,1891.0,-0.7550391791479925,51.281936135199
4431,8.252,894,411,766,41,963,478,156,1891.0,-0.7537016429581822,51.28193613519901
4432,10.311,861,424,755,3,926,513,119,1891.0,-0.7523641067683718,51.281936135199004
4433,12.169,673,180,701,256,793,658,328,1891.0,-0.7510265705785614,51.281936135199004
4434,64.242,727,279,800,251,792,758,296,1891.0,-0.7496890343887508,51.281936135199
4435,35.564,528,163,554,407,661,712,471,1891.0,-0.7483514981989402,51.281936135199
4436,43.439,406,84,476,478,539,850,523,1891.0,-0.7470139620091298,51.28193613519901
4437,19.457,372,43,348,560,563,911,651,1891.0,-0.7456764258193195,51.281936135199
4438,48.577,274,141,249,503,465,957,749,1891.0,-0.7443388896295089,51.281936135199
4439,75.239,189,226,164,417,379,962,835,1891.0,-0.7430013534396985,51.28193613519901
4440,100.747,332,644,263,0,664,824,1164,1891.0,-0.7389887448702673,51.281936135199
4441,62.502,391,704,322,59,723,883,1223,1891.0,-0.737651208680457,51.28193613519901
4442,140.978,455,768,386,123,787,947,1192,1891.0,-0.7363136724906464,51.28193613519901
4443,92.293,570,883,501,238,902,984,1081,1891.0,-0.7349761363008359,51.281936135199
4444,0.499,2272,2426,2201,1920,2339,2163,2143,1891.0,-0.7336386001110256,51.281936135199004
4445,0.0,1361,1691,1449,1414,907,829,907,1891.0,-0.7323010639212151,51.281936135199004
4446,0.934,938,861,757,567,1252,893,1252,1891.0,-0.7296259915415941,51.281936135199
4447,20.971,968,891,787,597,1282,923,1282,1891.0,-0.7282884553517838,51.281936135199004
4448,8.095,997,921,817,626,1312,953,1312,1891.0,-0.7269509191619733,51.281936135199004
4449,57.252,693,616,512,322,1008,648,1008,1891.0,-0.7242758467823525,51.281936135199004
4450,40.774,794,782,678,423,1173,814,1173,1891.0,-0.7229383105925421,51.281936135199004
4451,0.496,5000,5000,5000,5000,5000,5000,5000,1891.0,-0.7737544202143077,51.28097157151478
4452,0.0,1549,2188,1944,1566,2665,1547,1383,1891.0,-0.771079383325062,51.280971571514776
4453,0.0,1709,2028,2104,1588,2825,1505,1543,1891.0,-0.7697418648804393,51.28097157151478
4454,0.031,1709,2028,2104,1588,2825,1505,1543,1891.0,-0.7684043464358165,51.28097157151477
4455,0.019,1562,923,1132,482,1738,400,993,1891.0,-0.7563666804342107,51.28097157151477
4456,1.148,1265,726,895,436,1448,388,669,1891.0,-0.7550291619895881,51.28097157151478
4457,19.932,866,355,831,74,999,467,195,1891.0,-0.7536916435449653,51.280971571514776
4458,56.759,830,319,839,109,963,504,230,1891.0,-0.7523541251003425,51.280971571514776
4459,71.441,677,184,691,258,810,652,345,1891.0,-0.7510166066557197,51.28097157151478
4460,48.602,622,217,652,309,755,696,373,1891.0,-0.7496790882110969,51.28097157151478
4461,45.7,532,163,554,408,665,706,471,1891.0,-0.748341569766474,51.28097157151478
4462,56.503,452,39,430,524,584,830,568,1891.0,-0.7470040513218511,51.280971571514776
4463,69.374,416,0,391,563,606,869,608,1891.0,-0.7456665328772284,51.28097157151478
4464,98.104,415,282,113,477,605,816,890,1891.0,-0.7443290144326056,51.280971571514776
4465,66.088,333,371,20,423,523,820,979,1891.0,-0.7429914959879826,51.28097157151477
4466,52.81,400,438,87,356,591,750,1046,1891.0,-0.7416539775433597,51.28097157151478
4467,60.186,326,521,170,273,674,668,1129,1891.0,-0.740316459098737,51.28097157151478
4468,64.808,425,626,313,93,757,731,1093,1891.0,-0.7389789406541143,51.28097157151478
4469,63.858,448,761,379,116,781,941,1210,1891.0,-0.7376414222094912,51.28097157151478
4470,57.891,545,857,476,212,877,983,1102,1891.0,-0.7363039037648684,51.280971571514776
4471,53.959,629,928,560,297,948,923,1019,1891.0,-0.7349663853202456,51.28097157151478
4472,0.599,1289,1489,1318,1212,1030,907,1030,1891.0,-0.7336288668756227,51.28097157151478
4473,17.003,970,894,790,599,1285,926,1285,1891.0,-0.730953829986377,51.280971571514776
4474,85.946,913,836,732,541,1227,868,1227,1891.0,-0.7296163115417543,51.28097157151478
4475,47.603,850,774,670,479,1165,806,1165,1891.0,-0.7282787930971314,51.28097157151478
4476,44.238,591,546,411,220,906,547,906,1891.0,-0.7256037562078859,51.28097157151478
4477,40.094,693,616,512,322,1008,648,1008,1891.0,-0.7242662377632629,51.28097157151478
4478,16.431,743,677,573,372,1069,709,1069,1891.0,-0.7229287193186402,51.28097157151478
4479,3.422,1128,622,842,178,1192,285,385,1891.0,-0.7550191453966164,51.28000701528856
4480,20.016,958,284,801,214,1091,322,360,1891.0,-0.7536816446961796,51.28000701528856
4481,30.857,874,190,711,323,1006,417,622,1891.0,-0.7523441439957427,51.280007015288554
4482,39.697,738,60,581,398,871,504,493,1891.0,-0.7510066432953058,51.28000701528856
4483,34.851,709,34,553,404,841,530,485,1891.0,-0.7496691425948688,51.28000701528856
4484,98.964,728,146,440,373,881,694,647,1891.0,-0.7483316418944321,51.280007015288554
4485,55.206,610,179,321,441,743,747,694,1891.0,-0.7469941411939952,51.28000701528856
4486,84.474,539,236,244,381,730,824,765,1891.0,-0.7456566404935583,51.28000701528856
4487,42.188,469,282,174,444,660,783,890,1891.0,-0.7443191397931214,51.280007015288554
4488,41.168,354,391,0,443,544,838,999,1891.0,-0.7429816390926844,51.28000701528856
4489,78.09,399,436,45,489,589,884,1044,1891.0,-0.7416441383922476,51.28000701528857
4490,86.483,262,506,248,309,751,604,1151,1891.0,-0.7403066376918108,51.28000701528856
4491,59.784,386,581,230,213,733,728,1133,1891.0,-0.7389691369913739,51.28000701528856
4492,98.532,525,655,377,200,864,623,985,1891.0,-0.7376316362909369,51.280007015288554
4493,87.816,685,750,545,368,1032,713,1075,1891.0,-0.7362941355905002,51.28000701528856
4494,22.956,782,978,627,450,833,737,833,1891.0,-0.7349566348900634,51.28000701528857
4495,18.755,1208,1537,1295,1260,753,675,753,1891.0,-0.7336191341896265,51.28000701528856
4496,1.867,970,894,790,599,1285,926,1285,1891.0,-0.7309441327887526,51.280007015288554
4497,17.656,917,840,736,546,1231,872,1231,1891.0,-0.7296066320883157,51.28000701528856
4498,12.554,724,1063,222,361,608,249,608,1891.0,-0.7282691313878787,51.28000701528857
4499,9.951,470,667,289,98,784,425,784,1891.0,-0.725594129987005,51.280007015288554
4500,8.489,466,862,350,95,845,486,845,1891.0,-0.7242566292865684,51.280007015288554
4501,7.781,558,917,441,186,936,577,936,1891.0,-0.7229191285861314,51.28000701528856
4502,0.0,5000,5000,5000,5000,5000,5000,5000,1891.0,-0.7737338907705656,51.27904246652
4503,0.0,5000,5000,5000,5000,5000,5000,5000,1891.0,-0.7723964078133132,51.279042466519996
4504,0.158,1599,974,942,534,1790,452,1045,1891.0,-0.7630340271125456,51.27904246652
4505,1.916,1599,974,942,534,1790,452,1045,1891.0,-0.7616965441552932,51.27904246651999
4506,0.543,1177,538,748,98,1354,17,608,1891.0,-0.7563466123262832,51.27904246652
4507,8.966,1093,454,663,0,1270,107,520,1891.0,-0.7550091293690308,51.27904246651999
4508,10.031,1043,370,731,150,1176,244,436,1891.0,-0.7536716464117783,51.27904246651999
4509,66.015,943,260,774,193,1076,287,583,1891.0,-0.7523341634545259,51.27904246652
4510,34.639,843,160,681,293,976,387,592,1891.0,-0.7509966804972732,51.27904246651999
4511,53.188,799,154,546,378,978,581,611,1891.0,-0.7496591975400207,51.279042466519996
4512,77.421,619,260,331,229,1000,792,761,1891.0,-0.7483217145827684,51.27904246652
4513,42.674,532,287,230,360,723,699,948,1891.0,-0.7443092657110107,51.27904246651999
4514,28.785,0,266,170,234,1000,388,1053,1891.0,-0.7416342997965059,51.27904246652
4515,55.613,180,423,313,255,828,525,1096,1891.0,-0.7402968168392534,51.27904246651999
4516,32.712,227,470,349,189,853,488,1031,1891.0,-0.738959333882001,51.279042466519996
4517,86.108,556,622,417,239,903,584,946,1891.0,-0.7376218509247483,51.279042466519996
4518,11.945,1000,1126,1030,848,728,632,728,1891.0,-0.7349468850102434,51.279042466519996
4519,0.047,766,1150,309,448,650,290,650,1891.0,-0.7309344361384859,51.27904246652
4520,8.195,664,1049,208,346,548,189,548,1891.0,-0.7295969531812335,51.279042466519996
4521,3.03,666,1028,187,326,570,211,570,1891.0,-0.728259470223981,51.27904246651999
4522,12.498,574,906,60,203,556,196,556,1891.0,-0.7269219872667284,51.27904246652
4523,23.928,437,768,209,66,705,345,705,1891.0,-0.725584504309476,51.27904246651999
4524,16.193,378,802,290,35,785,426,785,1891.0,-0.7242470213522235,51.27904246652
4525,0.061,466,862,350,95,845,486,845,1891.0,-0.7229095383949711,51.27904246651999
4526,0.0,5000,5000,5000,5000,5000,5000,5000,1891.0,-0.775061092132829,51.27807792520871
4527,0.0,5000,5000,5000,5000,5000,5000,5000,1891.0,-0.7737236269177594,51.27807792520871
4528,0.0,5000,5000,5000,5000,5000,5000,5000,1891.0,-0.7723861617026897,51.278077925208706
4529,0.289,2107,1873,1407,1463,2861,681,2115,1891.0,-0.7670363008424114,51.27807792520871
4530,5.932,1599,974,942,534,1790,452,1045,1891.0,-0.7630239051972026,51.278077925208706
4531,15.379,1532,973,874,533,1789,450,1043,1891.0,-0.7616864399821331,51.278077925208706
4532,8.997,1542,903,943,463,1719,380,973,1891.0,-0.7603489747670635,51.27807792520871
4533,26.564,1435,796,836,356,1612,273,866,1891.0,-0.7590115095519938,51.278077925208706
4534,26.32,1311,672,712,232,1488,149,742,1891.0,-0.7576740443369243,51.278077925208706
4535,9.557,1185,546,755,105,1361,15,616,1891.0,-0.7563365791218547,51.278077925208706
4536,11.704,1040,439,626,52,1254,146,519,1891.0,-0.7549991139067852,51.27807792520871
4537,58.143,908,427,643,185,1243,278,579,1891.0,-0.7536616486917155,51.27807792520871
4538,65.922,865,416,612,268,1240,362,658,1891.0,-0.752324183476646,51.27807792520871
4539,46.365,729,280,475,308,1104,480,737,1891.0,-0.7509867182615763,51.278077925208706
4540,54.052,689,246,435,267,1070,565,703,1891.0,-0.7496492530465065,51.278077925208706
4541,87.02,471,183,183,82,1148,660,909,1891.0,-0.7483117878314371,51.278077925208706
4542,97.655,444,155,155,68,1043,558,1062,1891.0,-0.7456368574012978,51.278077925208706
4543,34.716,383,117,212,190,892,529,1118,1891.0,-0.7442993921862282,51.278077925208706
4544,40.591,377,111,206,184,898,523,1124,1891.0,-0.7429619269711587,51.27807792520871
4545,15.927,33,232,137,201,1003,354,1020,1891.0,-0.7416244617560892,51.278077925208706
4546,12.29,60,303,208,272,940,425,1091,1891.0,-0.7402869965410197,51.27807792520871
4547,48.767,253,319,224,18,822,318,822,1891.0,-0.73894953132595,51.278077925208706
4548,63.424,416,482,386,181,806,444,806,1891.0,-0.7376120661108803,51.27807792520871
4549,5.737,1060,1126,1030,848,822,672,822,1891.0,-0.7349371356807411,51.27807792520871
4550,29.875,797,1158,893,880,343,273,343,1891.0,-0.7335996704656718,51.278077925208706
4551,0.024,772,1157,316,454,656,297,656,1891.0,-0.7309247400355323,51.27807792520872
4552,12.68,664,1049,208,346,548,189,548,1891.0,-0.7295872748204628,51.27807792520871
4553,11.296,597,970,129,268,481,122,481,1891.0,-0.7282498096053931,51.278077925208706
4554,12.838,625,957,0,254,611,252,611,1891.0,-0.7269123443903235,51.278077925208706
4555,21.959,380,924,383,157,896,548,896,1891.0,-0.7255748791752541,51.27807792520871
4556,34.916,296,840,300,74,812,465,812,1891.0,-0.7242374139601845,51.278077925208706
4557,0.006,5000,5000,5000,5000,5000,5000,5000,1891.0,-0.7750508111181544,51.27711339135435
4558,0.431,5000,5000,5000,5000,5000,5000,5000,1891.0,-0.7737133636442663,51.27711339135435
4559,0.752,5000,5000,5000,5000,5000,5000,5000,1891.0,-0.7723759161703783,51.277113391354355
4560,0.145,1900,1666,1200,1257,2654,474,1908,1891.0,-0.769701021222602,51.27711339135434
4561,0.242,1900,1666,1200,1257,2654,474,1908,1891.0,-0.7683635737487141,51.277113391354355
4562,17.13,1445,1058,787,618,1874,535,1128,1891.0,-0.7616763363792736,51.27711339135435
4563,10.548,1295,928,638,484,1744,396,998,1891.0,-0.7603388889053854,51.277113391354355
4564,5.968,1295,928,638,484,1744,396,998,1891.0,-0.7590014414314971,51.27711339135435
4565,14.317,1313,744,655,304,1560,221,814,1891.0,-0.7576639939576092,51.277113391354355
4566,19.444,1291,687,633,247,1503,148,757,1891.0,-0.7563265464837211,51.27711339135435
4567,32.38,960,517,544,158,1333,251,632,1891.0,-0.7549890990098332,51.27711339135435
4568,106.506,744,490,543,283,1402,442,739,1891.0,-0.7536516515359449,51.277113391354355
4569,17.997,744,490,543,283,1402,442,739,1891.0,-0.7523142040620567,51.27711339135434
4570,28.332,626,299,373,205,1123,583,757,1891.0,-0.7509767565881688,51.277113391354355
4571,77.901,582,326,328,161,1167,584,801,1891.0,-0.7496393091142804,51.27711339135435
4572,87.128,435,167,167,11,1252,577,958,1891.0,-0.7483018616403923,51.27711339135435
4573,92.38,406,39,39,54,1184,567,1038,1891.0,-0.7469644141665044,51.277113391354355
4574,73.343,376,87,87,0,1111,490,1130,1891.0,-0.7456269666926163,51.27711339135435
4575,70.631,339,73,125,0,1083,452,1168,1891.0,-0.7442895192187283,51.27711339135435
4576,73.877,266,0,95,73,1010,412,1119,1891.0,-0.74295207174484,51.277113391354355
4577,88.778,206,145,50,180,1001,287,1001,1891.0,-0.7416146242709519,51.27711339135435
4578,63.408,161,227,131,73,891,226,891,1891.0,-0.740277176797064,51.277113391354355
4579,66.489,234,300,205,0,841,299,841,1891.0,-0.7389397293231756,51.27711339135435
4580,57.262,416,481,386,181,660,298,660,1891.0,-0.7376022818492876,51.27711339135435
4581,2.297,896,961,866,684,515,419,515,1891.0,-0.7349273869015114,51.27711339135435
4582,23.006,681,1041,776,764,226,156,226,1891.0,-0.7335899394276235,51.277113391354355
4583,16.549,712,1073,808,795,258,188,258,1891.0,-0.7322524919537354,51.277113391354355
4584,5.529,909,1293,453,591,793,434,793,1891.0,-0.7309150444798471,51.27711339135434
4585,19.23,909,1293,453,591,793,434,793,1891.0,-0.729577597005959,51.277113391354355
4586,18.502,475,1105,264,403,359,12,359,1891.0,-0.7282401495320708,51.27711339135435
4587,2.864,0,1137,273,371,516,463,516,1891.0,-0.7255652545842947,51.277113391354355
4588,20.646,43,1094,229,327,559,507,559,1891.0,-0.7242278071104067,51.277113391354355
4589,14.741,152,1019,121,252,668,616,668,1891.0,-0.7228903596365187,51.277113391354355
4590,0.354,1858,1624,1158,1215,2612,432,1866,1891.0,-0.7710282414826233,51.27614886495655
4591,0.519,1725,1491,1025,1082,2479,299,1733,1891.0,-0.7696908117489152,51.27614886495655
4592,34.119,1439,1189,747,628,2064,375,1318,1891.0,-0.7643410928140836,51.27614886495656
4593,10.744,1423,1173,732,613,2049,397,1303,1891.0,-0.7630036630803757,51.27614886495657
4594,7.685,1295,1045,603,484,1920,561,1174,1891.0,-0.7616662333466677,51.27614886495656
4595,6.194,1239,989,547,428,1864,505,1118,1891.0,-0.7603288036129598,51.27614886495656
4596,8.556,1123,862,465,312,1694,335,948,1891.0,-0.758991373879252,51.27614886495655
4597,33.985,1008,758,433,179,1674,507,963,1891.0,-0.7576539441455439,51.27614886495656
4598,33.267,920,666,369,115,1511,420,804,1891.0,-0.7563165144118361,51.27614886495655
4599,10.328,841,588,397,137,1495,409,794,1891.0,-0.7549790846781281,51.27614886495655
4600,12.702,690,436,495,250,1466,506,802,1891.0,-0.75364165494442,51.27614886495656
4601,64.317,680,427,494,259,1466,506,802,1891.0,-0.7523042252107123,51.27614886495655
4602,79.041,554,300,394,226,1393,549,929,1891.0,-0.7509667954770042,51.27614886495657
4603,34.882,485,223,265,97,1273,487,906,1891.0,-0.7496293657432961,51.27614886495655
4604,65.716,352,213,251,83,1359,467,1041,1891.0,-0.7482919360095883,51.27614886495655
4605,81.689,293,153,153,95,1297,482,1087,1891.0,-0.7469545062758806,51.27614886495656
4606,75.669,429,162,162,0,1140,419,1140,1891.0,-0.7456170765421725,51.27614886495655
4607,19.013,404,187,187,25,1124,403,1124,1891.0,-0.7442796468084647,51.27614886495656
4608,92.242,374,298,203,179,960,240,960,1891.0,-0.7429422170747567,51.27614886495657
4609,82.752,335,259,164,275,872,152,872,1891.0,-0.7416047873410487,51.27614886495656
4610,55.082,318,383,288,229,735,69,735,1891.0,-0.7402673576073409,51.27614886495657
4611,75.645,388,453,358,299,665,0,665,1891.0,-0.7389299278736328,51.27614886495655
4612,58.229,559,624,529,347,495,180,495,1891.0,-0.7375924981399249,51.27614886495655
4613,11.119,603,668,573,391,452,215,452,1891.0,-0.736255068406217,51.27614886495657
4614,0.069,734,800,705,523,341,245,341,1891.0,-0.734917638672509,51.27614886495655
4615,16.557,623,966,709,689,181,82,181,1891.0,-0.7335802089388012,51.27614886495655
4616,22.299,545,1029,632,667,108,54,108,1891.0,-0.7322427792050932,51.27614886495656
4617,5.113,451,1119,547,570,72,24,72,1891.0,-0.7309053494713854,51.27614886495655
4618,4.453,336,1240,427,503,196,141,196,1891.0,-0.7295679197376772,51.27614886495655
4619,0.483,344,1224,383,522,227,131,227,1891.0,-0.7282304900039692,51.27614886495656
4620,17.891,262,1129,11,363,778,726,778,1891.0,-0.7228807710691377,51.27614886495656
4621,0.48,2015,1781,1315,1371,2769,539,2023,1891.0,-0.7736928388350301,51.27518434601499
4622,0.831,1961,1727,1261,1318,2806,489,2060,1891.0,-0.772355426840501,51.275184346014996
4623,1.26,1941,1707,1241,1298,2786,469,2040,1891.0,-0.7710180148459721,51.275184346014996
4624,2.512,1716,1482,1016,1073,2490,290,1744,1891.0,-0.769680602851443,51.275184346014996
4625,1.497,1667,1434,967,1024,2450,241,1704,1891.0,-0.768343190856914,51.27518434601498
4626,3.58,1534,1300,834,891,2328,182,1582,1891.0,-0.7670057788623852,51.275184346014996
4627,7.074,1479,1245,779,827,2272,127,1526,1891.0,-0.765668366867856,51.27518434601498
4628,8.44,1574,1340,874,780,2216,223,1470,1891.0,-0.7643309548733269,51.27518434601498
4629,5.672,1500,1266,800,857,2436,148,1690,1891.0,-0.7629935428787983,51.27518434601499
4630,6.332,1319,1069,628,509,1945,586,1199,1891.0,-0.761656130884269,51.27518434601498
4631,7.006,1259,1009,568,448,1884,526,1139,1891.0,-0.7603187188897401,51.27518434601498
4632,5.211,1093,848,420,294,1749,388,1004,1891.0,-0.7589813068952111,51.27518434601499
4633,12.725,1041,791,383,242,1737,385,999,1891.0,-0.7576438949006822,51.27518434601498
4634,10.43,856,606,284,37,1576,484,868,1891.0,-0.7563064829061531,51.27518434601499
4635,12.188,861,611,293,32,1594,508,892,1891.0,-0.754969070911624,51.27518434601498
4636,12.544,571,317,380,361,1586,566,922,1891.0,-0.7536316589170952,51.27518434601499
4637,94.449,567,314,377,359,1589,563,925,1891.0,-0.7522942469225661,51.27518434601499
4638,89.901,478,225,485,271,1495,474,1004,1891.0,-0.7509568349280372,51.275184346014996
4639,48.469,367,113,356,32,1382,369,1016,1891.0,-0.7496194229335079,51.27518434601498
4640,59.063,251,246,302,188,1314,414,1180,1891.0,-0.7482820109389791,51.27518434601499
4641,57.273,220,225,261,204,1251,409,1178,1891.0,-0.74694459894445,51.27518434601498
4642,14.537,227,284,375,212,1070,349,1070,1891.0,-0.745607186949921,51.27518434601499
4643,15.39,281,321,321,158,1010,284,1010,1891.0,-0.744269774955392,51.27518434601498
4644,13.779,669,593,498,588,953,4,953,1891.0,-0.7429323629608628,51.27518434601498
4645,33.107,448,372,277,380,800,66,800,1891.0,-0.741594950966334,51.27518434601499
4646,18.021,458,412,316,369,734,19,734,1891.0,-0.7402575389718049,51.27518434601498
4647,2.533,388,453,358,299,665,0,665,1891.0,-0.7389201269772759,51.275184346014996
4648,2.715,600,654,559,388,496,210,496,1891.0,-0.737582714982747,51.275184346014996
4649,3.044,653,718,623,441,429,265,429,1891.0,-0.736245302988218,51.27518434601498
4650,0.0,755,820,725,543,517,367,517,1891.0,-0.7349078909936889,51.27518434601499
4651,0.487,615,1026,705,722,161,14,161,1891.0,-0.73357047899916,51.27518434601498
4652,2.37,581,1038,677,688,127,31,127,1891.0,-0.7322330670046311,51.275184346014996
4653,3.789,485,1169,580,562,112,0,112,1891.0,-0.730895655010102,51.275184346014996
4654,8.301,411,1254,522,446,198,146,198,1891.0,-0.729558243015573,51.275184346014996
4655,0.68,454,1330,565,349,273,160,273,1891.0,-0.7282208310210438,51.27518434601498
4656,2.468,570,1446,680,337,388,257,388,1891.0,-0.7268834190265151,51.275184346014996
4657,13.023,351,1218,122,414,867,815,867,1891.0,-0.7228711830429281,51.275184346014996
4658,0.016,2015,1781,1315,1371,2769,539,2023,1891.0,-0.773682577299192,51.274219834529255
4659,2.577,2010,1776,1309,1366,2898,491,2152,1891.0,-0.7723451830428407,51.27421983452924
4660,2.009,1949,1715,1249,1306,2885,431,2139,1891.0,-0.7710077887864895,51.27421983452925
4661,2.253,1774,1540,1074,1131,2592,261,1847,1891.0,-0.7696703945301381,51.27421983452924
4662,2.4,1646,1412,945,1002,2452,213,1706,1891.0,-0.7683330002737869,51.27421983452924
4663,2.365,1540,1306,840,897,2333,180,1588,1891.0,-0.7669956060174358,51.274219834529255
4664,2.017,1378,1144,675,735,2322,81,1576,1891.0,-0.7656582117610847,51.27421983452924
4665,1.137,1344,1110,642,701,2279,45,1534,1891.0,-0.7643208175047331,51.27421983452924
4666,0.842,1464,1230,764,821,2400,113,1654,1891.0,-0.762983423248382,51.274219834529255
4667,1.424,1519,1285,819,876,2455,184,1709,1891.0,-0.7616460289920308,51.27421983452924
4668,9.85,1305,1055,614,495,1935,572,1190,1891.0,-0.7603086347356796,51.27421983452924
4669,10.389,969,731,283,318,1890,396,1145,1891.0,-0.7589712404793284,51.274219834529255
4670,9.208,868,626,197,213,1783,503,1072,1891.0,-0.7576338462229771,51.27421983452924
4671,7.603,778,534,148,141,1727,577,1017,1891.0,-0.7562964519666259,51.274219834529255
4672,11.466,631,381,140,213,1731,582,1084,1891.0,-0.7549590577102746,51.27421983452924
4673,53.036,573,330,185,256,1677,539,1060,1891.0,-0.7536216634539232,51.274219834529234
4674,51.945,486,243,264,289,1589,460,1080,1891.0,-0.7522842691975721,51.27421983452925
4675,4.477,370,117,377,163,1467,366,1112,1891.0,-0.7509468749412209,51.27421983452924
4676,21.883,255,27,272,95,1363,261,1144,1891.0,-0.7496094806848695,51.27421983452924
4677,2.145,186,66,322,147,1283,311,1197,1891.0,-0.7482720864285185,51.27421983452924
4678,0.561,101,167,263,248,1202,290,1202,1891.0,-0.7469346921721675,51.27421983452924
4679,5.502,795,720,624,715,1080,215,1080,1891.0,-0.7455972979158161,51.274219834529255
4680,14.599,752,677,581,672,1037,172,1037,1891.0,-0.7442599036594647,51.27421983452924
4681,22.039,626,550,455,545,910,46,910,1891.0,-0.7429225094031136,51.27421983452924
4682,36.248,626,551,455,546,911,177,911,1891.0,-0.7415851151467622,51.27421983452924
4683,40.096,624,575,479,539,903,188,903,1891.0,-0.7402477208904111,51.27421983452924
4684,0.0,556,534,439,468,831,135,831,1891.0,-0.7389103266340596,51.27421983452924
4685,0.0,797,858,763,585,378,220,378,1891.0,-0.734898143865006,51.27421983452924
4686,4.822,746,954,836,686,292,134,292,1891.0,-0.7335607496086549,51.27421983452924
4687,13.058,513,1343,624,388,286,99,286,1891.0,-0.7295485668396012,51.27421983452924
4688,30.985,489,1366,600,327,308,168,308,1891.0,-0.7282111725832497,51.27421983452925
4689,40.951,596,1472,707,216,415,280,415,1891.0,-0.7268737783268987,51.27421983452925
4690,25.686,684,1560,767,162,503,367,503,1891.0,-0.7255363840705473,51.27421983452924
4691,44.987,464,1331,235,301,980,857,980,1891.0,-0.722861595557845,51.274219834529234
4692,0.142,2104,1870,1403,1461,2864,569,2294,1891.0,-0.7750096928616518,51.27325533049899
4693,0.435,2104,1870,1403,1461,2864,569,2294,1891.0,-0.7736723163424772,51.27325533049899
4694,2.284,1923,1689,1223,1280,2859,326,2113,1891.0,-0.7723349398233025,51.27325533049898
4695,2.411,1879,1645,1178,1236,2815,297,2069,1891.0,-0.7709975633041278,51.27325533049898
4696,2.337,1777,1543,1076,1133,2712,180,1966,1891.0,-0.7696601867849534,51.273255330498976
4697,2.848,1574,1340,873,930,2509,55,1763,1891.0,-0.768322810265779,51.27325533049899
4698,2.575,1546,1312,844,903,2490,26,1744,1891.0,-0.7669854337466046,51.27325533049899
4699,4.628,1486,1252,783,843,2430,151,1684,1891.0,-0.76564805722743,51.27325533049899
4700,1.05,1397,1163,694,754,2341,114,1595,1891.0,-0.7643106807082553,51.27325533049899
4701,0.512,1154,920,451,510,2100,583,1361,1891.0,-0.7602985511507316,51.27325533049899
4702,3.032,1053,819,350,410,2000,483,1261,1891.0,-0.7589611746315571,51.273255330498976
4703,0.966,852,623,133,274,1864,544,1153,1891.0,-0.7576237981123825,51.27325533049898
4704,4.071,729,495,54,234,1808,644,1116,1891.0,-0.7562864215932079,51.27325533049898
4705,4.787,653,419,118,287,1761,604,1148,1891.0,-0.7549490450740335,51.27325533049898
4706,0.543,582,384,255,380,1726,533,1193,1891.0,-0.753611668554859,51.27325533049898
4707,1.166,524,463,424,524,1779,287,1573,1891.0,-0.7522742920356843,51.273255330498976
4708,1.798,215,154,174,215,1470,163,1264,1891.0,-0.7509369155165097,51.27325533049899
4709,1.21,142,198,141,259,1422,130,1308,1891.0,-0.7495995389973351,51.27325533049899
4710,1.92,87,254,124,314,1367,141,1355,1891.0,-0.7482621624781607,51.273255330499
4711,3.36,171,286,128,367,1312,156,1312,1891.0,-0.7469247859589863,51.27325533049899
4712,13.066,788,917,595,933,1298,564,1298,1891.0,-0.7455874094398115,51.27325533049898
4713,14.648,620,749,427,765,1130,396,1130,1891.0,-0.7442500329206372,51.27325533049898
4714,32.279,675,701,482,696,1061,327,1061,1891.0,-0.7429126564014624,51.27325533049898
4715,27.226,685,725,493,720,1085,351,1085,1891.0,-0.7415752798822879,51.27325533049898
4716,20.979,740,665,570,660,1025,291,1025,1891.0,-0.7402379033631133,51.27325533049898
4717,0.0,774,752,657,685,1048,353,1048,1891.0,-0.7389005268439389,51.27325533049899
4718,0.0,774,752,657,685,1048,353,1048,1891.0,-0.7375631503247643,51.27325533049899
4719,0.0,906,971,876,694,773,518,773,1891.0,-0.7348883972864152,51.273255330498976
4720,2.495,879,1308,971,985,424,297,424,1891.0,-0.7335510207672405,51.27325533049898
4721,17.021,821,1278,916,927,367,269,367,1891.0,-0.7322136442480661,51.27325533049899
4722,11.314,620,1450,731,495,393,206,393,1891.0,-0.729538891209717,51.27325533049898
4723,23.936,672,1502,783,437,445,258,445,1891.0,-0.7282015146905424,51.27325533049898
4724,35.492,794,1670,781,175,613,477,613,1891.0,-0.7268641381713679,51.27325533049898
4725,22.944,744,1620,711,105,563,428,563,1891.0,-0.7255267616521933,51.27325533049898
4726,23.661,803,1679,605,36,659,524,659,1891.0,-0.7241893851330188,51.27325533049898
4727,56.548,550,1418,321,215,906,771,906,1891.0,-0.7228520086138442,51.27325533049899
4728,0.0,2104,1870,1403,1461,2864,569,2294,1891.0,-0.7749994147478371,51.272290833923854
4729,0.067,2104,1870,1403,1461,2864,569,2294,1891.0,-0.7736620559648381,51.27229083392385
4730,0.207,1968,1734,1268,1325,2904,433,2158,1891.0,-0.7723246971818392,51.27229083392385
4731,0.254,1883,1649,1182,1240,2819,254,2073,1891.0,-0.7709873383988404,51.272290833923854
4732,1.832,1818,1584,1115,1174,2762,142,2016,1891.0,-0.7696499796158415,51.272290833923854
4733,1.444,1724,1490,1021,1080,2668,59,1922,1891.0,-0.7683126208328426,51.272290833923854
4734,3.139,1658,1424,955,1015,2602,115,1856,1891.0,-0.7669752620498439,51.27229083392385
4735,3.107,1561,1327,858,918,2505,226,1759,1891.0,-0.7656379032668451,51.27229083392386
4736,0.256,1550,1316,847,907,2494,231,1748,1891.0,-0.7643005444838461,51.272290833923854
4737,0.308,822,602,106,328,1919,608,1209,1891.0,-0.7576137505688519,51.27229083392385
4738,10.947,811,577,92,301,1891,627,1182,1891.0,-0.7562763917858532,51.27229083392385
4739,14.295,768,534,405,530,1876,719,1343,1891.0,-0.7549390330028541,51.27229083392385
4740,0.943,730,496,366,491,1838,681,1304,1891.0,-0.7536016742198551,51.27229083392385
4741,1.09,451,390,351,451,1706,214,1500,1891.0,-0.7522643154368563,51.272290833923854
4742,0.692,393,337,254,398,1652,117,1447,1891.0,-0.7509269566538574,51.27229083392385
4743,0.486,249,336,70,396,1512,59,1446,1891.0,-0.7495895978708587,51.272290833923854
4744,12.182,179,270,34,330,1442,33,1380,1891.0,-0.7482522390878599,51.272290833923854
4745,9.443,353,482,69,542,1475,266,1475,1891.0,-0.7469148803048611,51.27229083392386
4746,8.782,530,658,337,719,1338,443,1338,1891.0,-0.7455775215218622,51.272290833923854
4747,16.189,503,632,311,693,1224,404,1224,1891.0,-0.7442401627388632,51.27229083392385
4748,8.63,609,737,416,749,1129,395,1129,1891.0,-0.7429028039558645,51.272290833923854
4749,11.214,683,711,490,706,1071,337,1071,1891.0,-0.7415654451728657,51.272290833923854
4750,4.797,835,910,643,844,1207,511,1207,1891.0,-0.7402280863898667,51.272290833923854
4751,0.463,774,752,657,685,1048,353,1048,1891.0,-0.7388907276068678,51.272290833923854
4752,0.536,774,752,657,685,1048,353,1048,1891.0,-0.7375533688238689,51.27229083392385
4753,10.149,895,1351,990,1001,440,343,440,1891.0,-0.7335412924748725,51.27229083392385
4754,24.745,895,1351,990,1001,440,343,440,1891.0,-0.7322039336918736,51.272290833923854
4755,41.675,784,1614,883,341,557,370,557,1891.0,-0.728191857342877,51.27229083392385
4756,33.19,859,1706,827,255,649,462,649,1891.0,-0.7268544985598782,51.27229083392385
4757,38.93,873,1749,777,214,692,534,692,1891.0,-0.7255171397768794,51.27229083392386
4758,38.937,883,1750,661,126,749,604,749,1891.0,-0.7241797809938806,51.272290833923854
4759,26.014,732,1599,503,112,803,668,803,1891.0,-0.7228424222108818,51.272290833923854
4760,0.008,1721,1487,1018,1078,2665,97,1919,1891.0,-0.7683024319749311,51.271326344803484
4761,0.489,1752,1518,1050,1109,2696,208,1951,1891.0,-0.7669650909271072,51.27132634480349
4762,0.104,1698,1464,995,1054,2641,204,1896,1891.0,-0.7656277498792831,51.271326344803484
4763,0.0,1015,788,297,491,2081,767,1371,1891.0,-0.7589410446401629,51.27132634480349
4764,0.0,990,770,274,494,2084,776,1375,1891.0,-0.7576037035923386,51.271326344803484
4765,2.844,768,534,405,530,1876,719,1343,1891.0,-0.7549290214966905,51.27132634480349
4766,0.781,768,534,405,530,1876,719,1343,1891.0,-0.7535916804488664,51.271326344803484
4767,0.928,547,495,368,556,1810,230,1605,1891.0,-0.7522543394010424,51.271326344803484
4768,0.986,482,430,303,491,1745,166,1540,1891.0,-0.7509169983532183,51.271326344803484
4769,7.008,328,404,149,465,1591,12,1514,1891.0,-0.749579657305394,51.27132634480349
4770,17.295,606,734,307,795,1657,518,1657,1891.0,-0.74824231625757,51.271326344803484
4771,16.487,381,509,92,570,1432,293,1432,1891.0,-0.7469049752097459,51.271326344803484
4772,10.237,450,579,169,639,1501,363,1501,1891.0,-0.745567634161922,51.27132634480349
4773,5.457,495,623,302,684,1279,407,1279,1891.0,-0.7442302931140977,51.27132634480349
4774,11.015,724,853,531,871,1264,539,1264,1891.0,-0.7428929520662738,51.27132634480349
4775,23.999,720,835,527,833,1196,501,1196,1891.0,-0.7415556110184498,51.27132634480349
4776,14.977,817,931,624,883,1246,551,1246,1891.0,-0.7402182699706256,51.2713263448035
4777,22.696,988,966,799,899,1262,567,1262,1891.0,-0.7388809289228013,51.271326344803484
4778,29.259,977,954,823,888,1251,556,1251,1891.0,-0.7375435878749775,51.27132634480349
4779,26.69,1007,985,889,918,1281,586,1281,1891.0,-0.7362062468271534,51.271326344803484
4780,14.986,1133,1589,1228,1239,678,581,678,1891.0,-0.7321942236836813,51.27132634480349
4781,2.175,1077,1533,1172,1183,622,525,622,1891.0,-0.7308568826358572,51.27132634480349
4782,3.795,1173,1630,1268,1280,719,621,719,1891.0,-0.729519541588033,51.271326344803484
4783,60.22,1057,1887,987,465,830,643,830,1891.0,-0.728182200540209,51.2713263448035
4784,76.392,987,1817,917,395,760,573,760,1891.0,-0.7268448594923849,51.27132634480349
4785,55.015,964,1794,791,323,737,550,737,1891.0,-0.7255075184445609,51.27132634480349
4786,51.1,975,1843,746,365,987,822,987,1891.0,-0.7241701773967368,51.27132634480349
4787,21.834,897,1765,668,287,910,744,910,1891.0,-0.7228328363489129,51.27132634480349
4788,0.0,551,861,360,591,2182,873,1472,1891.0,-0.7589309804964464,51.270361863137516
4789,0.447,746,1036,782,1097,2223,332,2146,1891.0,-0.7562563338691464,51.27036186313752
4790,1.681,663,954,699,1014,2141,250,2064,1891.0,-0.7549190105554962,51.27036186313752
4791,0.437,626,916,662,977,2103,212,2026,1891.0,-0.7535816872418459,51.27036186313752
4792,1.206,606,555,428,616,1869,290,1665,1891.0,-0.752244363928196,51.27036186313752
4793,2.455,481,557,302,617,1744,155,1667,1891.0,-0.7509070406145456,51.27036186313753
4794,10.934,596,810,382,870,1737,493,1732,1891.0,-0.7495697173008957,51.27036186313752
4795,16.679,522,701,273,762,1623,419,1623,1891.0,-0.7482323939872455,51.27036186313752
4796,9.908,522,664,237,725,1587,427,1587,1891.0,-0.7468950706735955,51.27036186313752
4797,7.21,536,664,237,725,1587,448,1587,1891.0,-0.7455577473599452,51.27036186313752
4798,9.999,594,722,337,783,1645,506,1645,1891.0,-0.7442204240462952,51.27036186313752
4799,15.941,665,794,413,854,1716,578,1716,1891.0,-0.742883100732645,51.27036186313752
4800,16.681,738,867,545,927,1346,624,1346,1891.0,-0.7415457774189949,51.27036186313752
4801,38.257,875,1004,682,986,1349,654,1349,1891.0,-0.7402084541053447,51.27036186313752
4802,39.438,936,1043,743,995,1358,663,1358,1891.0,-0.7388711307916945,51.27036186313752
4803,35.716,1075,1063,882,997,1360,665,1360,1891.0,-0.7375338074780445,51.27036186313752
4804,19.935,1064,1047,909,980,1344,648,1344,1891.0,-0.7361964841643944,51.27036186313752
4805,2.537,1133,1589,1228,1239,678,581,678,1891.0,-0.7321845142234439,51.27036186313752
4806,0.07,1152,1608,1247,1258,697,600,697,1891.0,-0.730847190909794,51.27036186313752
4807,25.461,1173,1630,1268,1280,719,621,719,1891.0,-0.7295098675961439,51.27036186313752
4808,42.45,1054,1884,983,461,826,639,826,1891.0,-0.7281725442824936,51.27036186313752
4809,143.31,1138,1967,986,545,910,723,910,1891.0,-0.7268352209688437,51.27036186313752
4810,106.722,1096,1961,871,486,1010,823,1010,1891.0,-0.7254978976551933,51.27036186313752
4811,22.775,1047,1914,817,436,1037,864,1037,1891.0,-0.7241605743415432,51.270361863137516
4812,41.614,1166,1543,937,595,1286,1151,1286,1891.0,-0.7228232510278931,51.27036186313752
4813,0.073,1136,1071,581,775,2156,1051,1654,1891.0,-0.7602582225011325,51.26939738892561
4814,0.0,293,1021,618,849,2000,840,1730,1891.0,-0.7575836113401788,51.269397388925626
4815,0.763,364,1053,552,783,2071,911,1664,1891.0,-0.7562463057597019,51.269397388925626
4816,4.55,626,916,662,977,2103,212,2026,1891.0,-0.7549090001792249,51.26939738892561
4817,2.036,552,842,587,902,2029,138,1952,1891.0,-0.753571694598748,51.26939738892561
4818,0.855,429,720,465,780,1907,14,1830,1891.0,-0.7522343890182711,51.26939738892562
4819,3.956,512,630,375,690,1817,90,1740,1891.0,-0.7508970834377942,51.26939738892561
4820,5.409,469,700,418,760,1768,298,1768,1891.0,-0.7495597778573173,51.26939738892562
4821,11.444,410,747,366,808,1716,337,1716,1891.0,-0.7482224722768404,51.269397388925626
4822,7.559,564,922,527,983,1877,506,1877,1891.0,-0.7468851666963634,51.26939738892562
4823,7.518,620,748,321,809,1671,533,1671,1891.0,-0.7455478611158863,51.26939738892562
4824,13.309,682,810,383,871,1733,594,1733,1891.0,-0.7442105555354097,51.26939738892562
4825,12.814,682,811,426,871,1733,595,1733,1891.0,-0.7428732499549324,51.26939738892561
4826,14.387,717,846,524,907,1409,630,1409,1891.0,-0.7415359443744557,51.26939738892562
4827,23.211,878,1006,685,1067,1545,790,1545,1891.0,-0.7401986387939787,51.26939738892562
4828,36.845,877,1005,684,1066,1542,789,1542,1891.0,-0.7388613332135018,51.26939738892561
4829,26.306,987,1116,794,1085,1448,753,1448,1891.0,-0.737524027633025,51.26939738892562
4830,11.933,1105,1093,912,1027,1390,694,1390,1891.0,-0.7361867220525481,51.26939738892562
4831,0.042,1373,1830,1468,1479,918,821,918,1891.0,-0.7348494164720711,51.26939738892562
4832,20.929,1137,1948,1067,545,910,723,910,1891.0,-0.7281628885696864,51.26939738892562
4833,132.654,1145,1910,1047,552,917,730,917,1891.0,-0.7268255829892095,51.26939738892562
4834,21.186,1151,1992,922,541,967,779,967,1891.0,-0.7254882774087325,51.26939738892561
4835,35.816,1073,1941,844,463,1032,845,1032,1891.0,-0.7241509718282556,51.26939738892562
4836,57.685,1116,1492,887,545,1236,1101,1236,1891.0,-0.7228136662477788,51.269397388925626
4837,0.0,2067,1621,1545,2288,2398,1586,2681,1891.0,-0.7722837323957877,51.26843292216739
4838,0.0,2067,1621,1545,2288,2398,1586,2681,1891.0,-0.7709464445474831,51.26843292216739
4839,0.0,1598,1209,1133,1372,1966,767,2214,1891.0,-0.7655972931542656,51.26843292216739
4840,1.331,1842,1453,1377,1616,2210,1011,2458,1891.0,-0.7629227174576567,51.26843292216739
4841,3.244,848,1154,657,878,2055,1160,1759,1891.0,-0.7615854296093525,51.26843292216739
4842,0.106,842,1152,651,883,2049,1165,1763,1891.0,-0.7602481417610479,51.26843292216739
4843,0.0,293,1021,618,849,2000,840,1730,1891.0,-0.7575735660644392,51.26843292216739
4844,0.0,293,1021,618,849,2000,840,1730,1891.0,-0.7562362782161348,51.2684329221674
4845,0.0,446,1140,639,871,2153,993,1751,1891.0,-0.7548989903678304,51.2684329221674
4846,0.282,603,894,639,954,2081,189,2004,1891.0,-0.753561702519526,51.26843292216739
4847,0.551,451,749,495,810,1936,8,1859,1891.0,-0.7522244146712216,51.26843292216739
4848,3.41,366,955,584,1016,1934,308,1934,1891.0,-0.7508871268229174,51.26843292216739
4849,3.397,276,877,505,937,1855,217,1855,1891.0,-0.7495498389746127,51.26843292216739
4850,6.462,382,759,396,820,1746,323,1746,1891.0,-0.7482125511263085,51.26843292216739
4851,1.692,514,873,477,933,1827,456,1827,1891.0,-0.7468752632780039,51.26843292216739
4852,3.536,710,953,542,1014,1891,637,1891,1891.0,-0.7455379754296997,51.26843292216739
4853,3.567,846,975,547,1036,1897,759,1897,1891.0,-0.7442006875813953,51.26843292216739
4854,2.683,859,987,560,1048,1878,771,1878,1891.0,-0.7428633997330909,51.26843292216739
4855,21.998,958,1087,765,1147,1649,871,1649,1891.0,-0.7415261118847863,51.26843292216739
4856,0.502,934,1063,742,1124,1602,847,1602,1891.0,-0.740188824036482,51.26843292216739
4857,1.324,1079,1208,886,1269,1626,992,1626,1891.0,-0.7388515361881776,51.26843292216739
4858,0.669,1085,1214,892,1274,1632,998,1632,1891.0,-0.7375142483398733,51.2684329221674
4859,0.0,1244,1373,1052,1434,1461,1157,1461,1891.0,-0.7361769604915688,51.268432922167385
4860,5.325,1342,1635,1293,1490,1156,1022,1156,1891.0,-0.7348396726432646,51.2684329221674
4861,3.095,1397,1526,1204,1586,1308,1211,1308,1891.0,-0.7335023847949601,51.26843292216739
4862,0.153,1540,1668,1347,1727,1166,1069,1166,1891.0,-0.7321650969466557,51.26843292216739
4863,0.0,1569,1697,1376,1698,1137,1040,1137,1891.0,-0.7308278090983512,51.26843292216739
4864,5.955,1230,1779,1133,637,1003,815,1003,1891.0,-0.7281532334017423,51.268432922167385
4865,36.245,1244,1820,1111,651,1017,829,1017,1891.0,-0.726815945553438,51.26843292216739
4866,28.939,1271,1769,1041,680,1252,1091,1149,1891.0,-0.7254786577051338,51.2684329221674
4867,61.063,1267,1505,1038,696,1387,1252,1261,1891.0,-0.7241413698568293,51.2684329221674
4868,47.691,1283,1242,1054,712,1266,1268,998,1891.0,-0.7228040820085249,51.268432922167385
4869,0.357,1598,1209,1133,1372,1966,767,2214,1891.0,-0.7655871420583258,51.26746846286247
4870,1.479,1361,1177,1073,1374,1945,1143,2228,1891.0,-0.7642498719411933,51.26746846286247
4871,0.573,1842,1453,1377,1616,2210,1011,2458,1891.0,-0.762912601824061,51.267468462862475
4872,0.118,1031,1044,840,1062,1872,1009,1943,1891.0,-0.7615753317069286,51.26746846286248
4873,0.006,400,854,566,960,1832,146,2009,1891.0,-0.7535517110041338,51.26746846286248
4874,3.438,157,995,624,1055,1973,282,1973,1891.0,-0.7495399006527363,51.26746846286247
4875,4.316,124,1206,895,1327,2245,554,2245,1891.0,-0.7482026305356039,51.267468462862475
4876,4.04,236,1298,987,1419,2337,646,2337,1891.0,-0.7468653604184714,51.26746846286247
4877,1.402,843,1349,1028,1410,1912,1133,1912,1891.0,-0.745528090301339,51.26746846286247
4878,3.436,939,1445,1124,1506,2008,1229,2008,1891.0,-0.7441908201842065,51.26746846286247
4879,32.147,851,1203,881,1264,1766,987,1766,1891.0,-0.7428535500670741,51.267468462862475
4880,5.327,1091,1219,898,1280,1637,1003,1637,1891.0,-0.7388417397156769,51.26746846286248
4881,34.235,1077,1743,1658,2041,2543,1518,2543,1891.0,-0.7375044695985442,51.267468462862475
4882,0.0,1311,1440,1118,1500,1394,1224,1394,1891.0,-0.7348299293642796,51.267468462862475
4883,0.0,1480,1609,1287,1669,1364,1267,1364,1891.0,-0.7334926592471471,51.267468462862475
4884,3.025,1595,1724,1402,1781,1320,1223,1320,1891.0,-0.7321553891300145,51.26746846286248
4885,0.247,1613,1741,1420,1764,1337,1240,1337,1891.0,-0.730818119012882,51.26746846286247
4886,5.809,1379,1630,1282,786,1151,964,1151,1891.0,-0.7268063086614849,51.267468462862475
4887,37.55,1480,1494,1317,898,1418,1265,1164,1891.0,-0.7254690385443523,51.26746846286247
4888,50.061,1577,1432,1394,985,1350,1163,1016,1891.0,-0.7241317684272199,51.267468462862475
4889,50.591,1290,1249,1061,719,1273,1275,1005,1891.0,-0.7227944983100875,51.26746846286247
4890,0.0,1748,1302,1226,1969,2079,1267,2362,1891.0,-0.7736005058569403,51.266504011010525
4891,0.575,1372,983,907,1386,1740,948,2023,1891.0,-0.7669142439221354,51.26650401101053
4892,0.027,1372,983,907,1386,1740,948,2023,1891.0,-0.7655769915351743,51.266504011010525
4893,1.014,1221,1037,933,1234,1805,1003,2088,1891.0,-0.7642397391482132,51.266504011010525
4894,1.171,1139,956,853,1163,1770,921,2044,1891.0,-0.7629024867612522,51.266504011010525
4895,0.0,1028,1041,837,1063,1869,1006,1944,1891.0,-0.7615652343742911,51.266504011010525
4896,0.0,0,728,444,1142,1707,547,2023,1891.0,-0.7575534772134083,51.26650401101052
4897,0.0,0,728,444,1142,1707,547,2023,1891.0,-0.7562162248264473,51.26650401101053
4898,0.253,208,662,374,1152,1640,338,2046,1891.0,-0.7548789724394862,51.266504011010525
4899,2.93,359,813,525,1303,1791,489,2197,1891.0,-0.7535417200525252,51.26650401101052
4900,4.23,409,1075,787,1565,2053,751,2459,1891.0,-0.7508672152786031,51.266504011010525
4901,4.169,409,1077,789,1567,2055,753,2461,1891.0,-0.7495299628916421,51.266504011010525
4902,0.655,0,1082,770,1202,2120,429,2120,1891.0,-0.7481927105046811,51.26650401101053
4903,1.263,232,1166,1003,1434,2222,661,2347,1891.0,-0.74685545811772,51.266504011010525
4904,2.094,349,1283,1120,1552,2229,778,2229,1891.0,-0.7455182057307591,51.26650401101053
4905,2.475,392,1297,1127,1559,2222,822,2222,1891.0,-0.7441809533437983,51.26650401101054
4906,0.084,879,1231,909,1291,1793,1015,1793,1891.0,-0.742843700956837,51.26650401101052
4907,10.494,897,1564,1479,1861,2363,1338,2363,1891.0,-0.738831943795954,51.266504011010525
4908,17.268,950,1617,1532,1914,2416,1391,2416,1891.0,-0.737494691408993,51.266504011010525
4909,0.183,1622,1743,1718,1677,1168,1071,1168,1891.0,-0.7348201866350711,51.266504011010525
4910,0.0,1613,1741,1420,1764,1337,1240,1337,1891.0,-0.732145681861149,51.26650401101052
4911,0.0,1715,1843,1522,1723,1439,1342,1439,1891.0,-0.7308084294741881,51.266504011010525
4912,10.542,1445,1564,1348,853,1218,1031,1148,1891.0,-0.7267966723133051,51.26650401101053
4913,45.352,1604,1540,1506,1054,1391,1232,1038,1891.0,-0.7254594199263442,51.266504011010525
4914,35.431,1577,1432,1394,985,1350,1163,1016,1891.0,-0.7241221675393831,51.26650401101053
4915,40.1,1476,1285,1247,905,1309,1256,879,1891.0,-0.7227849151524222,51.266504011010525
4916,0.0,1740,1294,1218,1961,2071,1259,2354,1891.0,-0.7735902495315038,51.2655395666112
4917,1.118,1582,1136,1059,1803,1913,1101,2196,1891.0,-0.7722530148737138,51.26553956661119
4918,0.063,1650,1204,1127,1739,1981,1169,2263,1891.0,-0.7709157802159239,51.26553956661119
4919,2.338,1614,1225,1149,1627,1982,1190,2265,1891.0,-0.7695785455581338,51.2655395666112
4920,1.936,1372,983,907,1386,1740,948,2023,1891.0,-0.766904076242554,51.265539566611196
4921,0.0,1372,983,907,1386,1740,948,2023,1891.0,-0.765566841584764,51.26553956661119
4922,0.016,1221,1037,933,1234,1805,1003,2088,1891.0,-0.7642296069269738,51.26553956661119
4923,0.0,1170,986,881,1183,1752,952,2035,1891.0,-0.7628923722691838,51.265539566611196
4924,0.0,0,728,444,1142,1707,547,2023,1891.0,-0.757543433638024,51.265539566611196
4925,0.063,124,604,319,1236,1582,422,1988,1891.0,-0.7562061989802341,51.2655395666112
4926,2.839,162,641,356,1197,1619,384,2025,1891.0,-0.7548689643224442,51.2655395666112
4927,2.481,247,701,413,1191,1679,377,2085,1891.0,-0.7535317296646541,51.265539566611196
4928,0.875,357,811,523,1301,1789,487,2195,1891.0,-0.7521944950068641,51.265539566611196
4929,4.018,350,1095,880,1658,2074,844,2480,1891.0,-0.750857260349074,51.265539566611196
4930,4.971,312,1017,801,1578,1995,765,2401,1891.0,-0.7495200256912842,51.265539566611196
4931,2.861,93,988,864,1296,2044,523,2214,1891.0,-0.7481827910334942,51.2655395666112
4932,4.273,232,1166,1003,1434,2222,661,2347,1891.0,-0.746845556375704,51.26553956661119
4933,7.915,324,1096,1028,1527,2152,754,2249,1891.0,-0.7455083217179143,51.2655395666112
4934,6.274,449,1253,1180,1648,2179,879,2179,1891.0,-0.7441710870601241,51.265539566611196
4935,3.611,548,1215,1130,1512,2014,989,2014,1891.0,-0.7428338524023341,51.265539566611196
4936,4.517,752,1419,1334,1716,2218,1193,2218,1891.0,-0.7414966177445443,51.2655395666112
4937,5.536,1685,1713,1780,1647,1230,1133,1230,1891.0,-0.7348104444555946,51.2655395666112
4938,4.11,1746,1592,2070,1526,1752,1564,1509,1891.0,-0.7334732097978046,51.2655395666112
4939,0.0,1821,1931,1629,1616,1546,1449,1546,1891.0,-0.7307987404822245,51.2655395666112
4940,0.0,1807,1936,1614,1630,1532,1435,1532,1891.0,-0.7294615058244345,51.265539566611196
4941,0.709,1551,1476,1671,1127,1353,1263,1110,1891.0,-0.7281242711666444,51.265539566611196
4942,28.675,1551,1476,1671,1127,1353,1263,1110,1891.0,-0.7267870365088545,51.2655395666112
4943,26.306,1617,1542,1519,1110,1419,1288,953,1891.0,-0.7254498018510647,51.2655395666112
4944,33.499,1474,1399,1444,1051,1276,1187,811,1891.0,-0.7241125671932747,51.2655395666112
4945,83.289,1592,1401,1362,1021,1400,1311,934,1891.0,-0.7227753325354845,51.265539566611196
4946,0.0,1770,1324,1247,2219,2120,1289,2402,1891.0,-0.7749172107143829,51.26457512966411
4947,0.886,1582,1136,1059,1803,1913,1101,2196,1891.0,-0.7722427768551444,51.26457512966411
4948,0.302,1535,1089,1012,1870,1866,1054,2149,1891.0,-0.7709055599255252,51.26457512966412
4949,1.125,1462,1016,940,1898,1793,981,2076,1891.0,-0.7695683429959058,51.2645751296641
4950,2.948,1269,823,747,1546,1580,788,1863,1891.0,-0.7655566922070479,51.26457512966411
4951,0.0,1235,789,713,1621,1505,754,1788,1891.0,-0.7642194752774287,51.26457512966411
4952,1.469,299,432,145,1381,1411,398,1816,1891.0,-0.7561961736997129,51.26457512966412
4953,1.481,495,587,119,1577,1565,552,1971,1891.0,-0.7548589567700937,51.26457512966412
4954,2.381,495,587,119,1577,1565,552,1971,1891.0,-0.7535217398404741,51.26457512966411
4955,0.945,322,1067,852,1629,2045,816,2451,1891.0,-0.7508473059812357,51.26457512966411
4956,0.275,126,871,725,1491,1849,718,2255,1891.0,-0.7495100890516164,51.26457512966411
4957,3.766,178,899,831,1408,1955,635,2303,1891.0,-0.7481728721219971,51.26457512966412
4958,4.364,211,966,898,1414,2022,641,2332,1891.0,-0.746835655192378,51.26457512966411
4959,22.797,434,1101,1033,1644,2150,875,2207,1891.0,-0.7454984382627585,51.2645751296641
4960,15.206,509,1176,1108,1604,2106,950,2106,1891.0,-0.7441612213331391,51.26457512966412
4961,11.403,610,1277,1192,1574,2076,1051,2076,1891.0,-0.7428240044035199,51.26457512966411
4962,107.348,722,1389,1304,1686,2188,1163,2188,1891.0,-0.7414867874739005,51.2645751296641
4963,13.796,833,1468,1415,1797,2299,1274,2221,1891.0,-0.7401495705442814,51.26457512966412
4964,43.062,984,1613,1566,1948,2450,1425,2366,1891.0,-0.738812353614662,51.26457512966412
4965,17.688,984,1613,1566,1948,2450,1425,2366,1891.0,-0.7374751366850428,51.26457512966412
4966,8.371,1746,1592,2070,1526,1752,1564,1509,1891.0,-0.7334634858961848,51.26457512966412
4967,43.538,1494,1419,1615,1070,1296,1207,1053,1891.0,-0.7281146181777075,51.26457512966412
4968,40.925,1423,1348,1543,999,1225,1135,982,1891.0,-0.7267774012480884,51.26457512966411
4969,49.935,1524,1449,1645,1118,1326,1237,861,1891.0,-0.7254401843184691,51.26457512966412
4970,85.057,1344,1269,1477,938,1146,1057,681,1891.0,-0.7241029673888499,51.26457512966412
4971,91.874,1184,1109,1316,777,986,896,520,1891.0,-0.7227657504592305,51.26457512966411
4972,0.0,1770,1324,1247,2219,2120,1289,2402,1891.0,-0.7749069378191212,51.26361070016889
4973,0.0,1594,1148,1072,2044,1937,1114,2219,1891.0,-0.7722325394142237,51.2636107001689
4974,0.0,1429,983,907,1879,1771,948,2054,1891.0,-0.7708953402117749,51.26361070016889
4975,0.0,1429,983,907,1879,1771,948,2054,1891.0,-0.7695581410093257,51.263610700168904
4976,0.0,1290,844,768,1739,1645,809,1928,1891.0,-0.768220941806877,51.26361070016889
4977,0.162,1151,705,629,1601,1507,671,1789,1891.0,-0.766883742604428,51.26361070016888
4978,1.277,1138,692,611,1575,1475,658,1761,1891.0,-0.7655465434019794,51.2636107001689
4979,0.0,1021,575,556,1527,1476,541,1773,1891.0,-0.7642093441995305,51.26361070016889
4980,0.855,462,269,212,1544,1247,235,1653,1891.0,-0.7575233481872861,51.2636107001689
4981,3.869,339,473,104,1421,1451,438,1857,1891.0,-0.7561861489848372,51.2636107001689
4982,4.121,444,467,34,1526,1445,432,1851,1891.0,-0.7548489497823883,51.26361070016889
4983,4.489,495,587,119,1577,1565,552,1971,1891.0,-0.7535117505799392,51.26361070016889
4984,0.922,143,645,499,1721,1623,610,2029,1891.0,-0.7521745513774905,51.263610700168904
4985,1.808,8,776,631,1615,1755,742,2161,1891.0,-0.7508373521750417,51.2636107001689
4986,0.753,115,860,714,1501,1839,728,2245,1891.0,-0.7495001529725928,51.26361070016889
4987,2.465,268,935,867,1485,1991,712,2397,1891.0,-0.748162953770144,51.263610700168904
4988,31.689,279,946,878,1497,2003,723,2409,1891.0,-0.746825754567695,51.26361070016889
4989,19.615,375,1042,974,1592,2098,819,2504,1891.0,-0.7454885553652463,51.2636107001689
4990,6.871,640,1216,1239,1805,2195,1182,2150,1891.0,-0.7441513561627974,51.26361070016889
4991,2.328,718,1339,1300,1682,2184,1159,2126,1891.0,-0.7428141569603482,51.2636107001689
4992,38.656,718,1339,1300,1682,2184,1159,2126,1891.0,-0.7414769577578995,51.2636107001689
4993,29.072,861,1468,1443,1825,2327,1302,2221,1891.0,-0.7401397585554507,51.26361070016889
4994,76.99,971,1455,1553,1935,2345,1370,2207,1891.0,-0.7388025593530017,51.2636107001689
4995,50.33,1030,1514,1612,1994,2404,1471,2267,1891.0,-0.737465360150553,51.263610700168904
4996,0.225,1566,1411,1890,1345,1500,1383,1328,1891.0,-0.7361281609481041,51.2636107001689
4997,8.014,1566,1411,1890,1345,1568,1383,1328,1891.0,-0.7347909617456552,51.263610700168904
4998,13.332,1605,1451,1929,1385,1611,1423,1368,1891.0,-0.7334537625432065,51.26361070016889
4999,1.481,1337,1262,1458,913,1139,1050,896,1891.0,-0.7294421649358597,51.2636107001689
5000,44.286,1337,1262,1458,913,1139,1050,896,1891.0,-0.7281049657334109,51.2636107001689
5001,72.344,1344,1268,1464,919,1145,1056,902,1891.0,-0.726767766530962,51.2636107001689
5002,47.835,1271,1196,1404,865,1073,984,607,1891.0,-0.7254305673285132,51.26361070016889
5003,87.469,1228,1153,1360,821,1030,940,564,1891.0,-0.7240933681260643,51.2636107001689
5004,55.566,1184,1109,1316,777,986,896,520,1891.0,-0.7227561689236154,51.26361070016889
5005,0.0,1229,882,600,1716,1508,869,1785,1891.0,-0.7708851210746257,51.2626462781252
5006,0.0,1087,741,458,1574,1366,727,1649,1891.0,-0.769547939598347,51.26264627812519
5007,0.0,1188,841,559,1675,1467,809,1749,1891.0,-0.7682107581220685,51.2626462781252
5008,0.007,1241,795,669,1575,1367,761,1649,1891.0,-0.7668735766457897,51.2626462781252
5009,0.0,1241,795,662,1554,1367,761,1649,1891.0,-0.7655363951695111,51.262646278125196
5010,0.294,1051,605,529,1501,1449,570,1746,1891.0,-0.7641992136932325,51.2626462781252
5011,6.608,918,543,591,1685,1227,530,1633,1891.0,-0.7628620322169538,51.26264627812519
5012,1.479,972,597,645,1740,1281,584,1687,1891.0,-0.7601876692643965,51.262646278125196
5013,0.0,592,139,328,1576,1117,104,1523,1891.0,-0.758850487788118,51.26264627812519
5014,1.755,511,273,200,1618,1252,239,1658,1891.0,-0.7575133063118394,51.2626462781252
5015,0.81,478,306,160,1609,1284,272,1690,1891.0,-0.7561761248355608,51.26264627812519
5016,0.175,486,425,42,1568,1403,390,1809,1891.0,-0.7548389433592823,51.2626462781252
5017,0.098,520,659,754,1885,1637,624,2043,1891.0,-0.7521645804067248,51.26264627812519
5018,1.661,520,659,754,1885,1637,624,2043,1891.0,-0.7508273989304463,51.2626462781252
5019,1.239,312,891,911,1677,1869,857,2275,1891.0,-0.748153035977889,51.26264627812519
5020,1.035,448,625,1047,1710,1872,529,2377,1891.0,-0.7468158545016107,51.2626462781252
5021,10.463,595,708,1194,1858,1956,612,2460,1891.0,-0.7454786730253317,51.262646278125196
5022,8.624,629,973,1228,1913,2086,908,2357,1891.0,-0.7441414915490533,51.2626462781252
5023,4.449,707,1052,1306,1921,2140,986,2324,1891.0,-0.7428043100727745,51.262646278125196
5024,5.688,805,1256,1399,1794,2146,1228,2008,1891.0,-0.741467128596496,51.26264627812521
5025,6.786,906,1329,1501,1867,2219,1301,2082,1891.0,-0.7401299471202175,51.2626462781252
5026,2.508,1031,1395,1613,1950,2285,1367,2147,1891.0,-0.7387927656439387,51.2626462781252
5027,0.0,1123,1303,1705,1858,2193,1275,2055,1891.0,-0.7374555841676601,51.2626462781252
5028,7.648,1488,1334,1812,1268,1494,1306,1251,1891.0,-0.7347812212151028,51.2626462781252
5029,25.002,1468,1314,1793,1248,1474,1286,1231,1891.0,-0.7334440397388243,51.2626462781252
5030,1.944,1648,1548,1768,1223,1450,1360,1206,1891.0,-0.7321068582625456,51.26264627812521
5031,11.077,1648,1548,1768,1223,1450,1360,1206,1891.0,-0.730769676786267,51.2626462781252
5032,54.184,1293,1218,1414,869,1095,1006,852,1891.0,-0.7294324953099883,51.2626462781252
5033,52.307,1258,1183,1378,834,1060,970,817,1891.0,-0.7280953138337097,51.2626462781252
5034,50.51,1213,1138,1334,789,1015,926,772,1891.0,-0.726758132357431,51.26264627812521
5035,51.671,1293,1218,1426,887,1095,1006,629,1891.0,-0.7254209508811525,51.2626462781252
5036,64.158,1198,1122,1330,791,999,910,534,1891.0,-0.7240837694048737,51.26264627812519
5037,45.858,1115,1040,1247,708,917,827,451,1891.0,-0.7227465879285954,51.2626462781252
5038,0.0,1593,1216,964,1507,1351,1233,1507,1891.0,-0.7748863937673559,51.26168186353269
5039,0.0,1452,1106,824,1554,1346,1092,1561,1891.0,-0.7735492300162472,51.26168186353269
5040,1.292,1229,882,600,1716,1508,869,1785,1891.0,-0.7708749025140303,51.26168186353269
5041,0.0,1087,741,458,1574,1366,727,1649,1891.0,-0.769537738762922,51.26168186353269
5042,1.19,1050,703,421,1537,1329,690,1611,1891.0,-0.7682005750118134,51.26168186353269
5043,0.075,926,578,295,1421,1213,563,1497,1891.0,-0.766863411260705,51.26168186353269
5044,0.064,915,553,311,1452,1224,539,1528,1891.0,-0.7655262475095965,51.2616818635327
5045,16.781,847,473,520,1615,1156,459,1562,1891.0,-0.7628519200073797,51.261681863532694
5046,5.599,843,468,516,1610,1152,455,1558,1891.0,-0.7615147562562712,51.26168186353269
5047,6.125,972,597,645,1740,1281,584,1687,1891.0,-0.7601775925051627,51.26168186353269
5048,0.502,600,139,333,1576,1117,104,1523,1891.0,-0.7588404287540543,51.261681863532694
5049,0.082,622,209,304,1646,1188,175,1594,1891.0,-0.7575032650029458,51.2616818635327
5050,0.055,662,192,609,1476,1115,215,1620,1891.0,-0.7561661012518373,51.26168186353269
5051,0.022,568,635,749,1932,1613,601,2019,1891.0,-0.7521546099985119,51.26168186353269
5052,0.278,520,659,754,1885,1637,624,2043,1891.0,-0.7508174462474034,51.26168186353269
5053,13.175,583,439,1182,1685,1686,342,2191,1891.0,-0.7481431187451866,51.261681863532694
5054,25.588,454,567,1053,1716,1814,471,2319,1891.0,-0.7468059549940782,51.2616818635327
5055,33.023,551,637,1150,1814,1885,541,2389,1891.0,-0.7454687912429697,51.26168186353269
5056,32.038,703,728,1302,1966,1976,632,2481,1891.0,-0.7441316274918612,51.26168186353269
5057,25.842,754,867,1353,2016,2114,771,2619,1891.0,-0.7427944637407525,51.26168186353269
5058,0.325,869,1169,1468,1724,2059,1141,1921,1891.0,-0.7414572999896442,51.26168186353269
5059,6.054,1325,1171,1649,1105,1331,1143,1088,1891.0,-0.7347714812341019,51.26168186353269
5060,14.16,1468,1314,1793,1248,1474,1286,1231,1891.0,-0.7334343174829935,51.2616818635327
5061,0.915,1648,1548,1768,1223,1450,1360,1206,1891.0,-0.732097153731885,51.261681863532694
5062,0.0,1648,1548,1768,1223,1450,1360,1206,1891.0,-0.7307599899807764,51.26168186353269
5063,69.981,1236,1161,1357,812,1038,949,795,1891.0,-0.729422826229668,51.2616818635327
5064,152.338,1161,1085,1281,736,962,873,719,1891.0,-0.7280856624785593,51.26168186353269
5065,62.048,1091,1016,1211,667,893,803,649,1891.0,-0.7267484987274512,51.26168186353269
5066,42.374,1045,970,1165,621,847,758,604,1891.0,-0.7254113349763426,51.26168186353269
5067,52.991,879,804,1000,455,681,592,198,1891.0,-0.7240741712252342,51.26168186353269
5068,41.412,934,859,1061,518,736,647,261,1891.0,-0.7227370074741257,51.26168186353269
5069,36.663,903,615,1092,571,565,671,674,1891.0,-0.7213998437230172,51.26168186353269
5070,108.406,828,326,1074,537,350,651,1001,1891.0,-0.7200626799719089,51.261681863532694
5071,25.498,801,300,1047,511,323,624,975,1891.0,-0.7187255162208004,51.26168186353269
5072,1.298,898,356,1143,607,380,721,1071,1891.0,-0.7173883524696917,51.26168186353269
5073,0.0,1581,1072,963,1415,1207,1232,1422,1891.0,-0.7748761226107567,51.26071745639097
5074,0.0,1499,990,1045,1333,1125,1304,1340,1891.0,-0.7735389765838184,51.26071745639097
5075,0.08,1180,835,545,1278,1070,824,1353,1891.0,-0.7681903924760652,51.26071745639097
5076,2.502,914,578,265,1406,1195,560,1482,1891.0,-0.7668532464491268,51.26071745639097
5077,2.477,892,554,290,1431,1200,541,1507,1891.0,-0.7655161004221883,51.26071745639097
5078,1.076,680,343,30,1419,961,325,1367,1891.0,-0.7641789543952501,51.26071745639097
5079,7.277,680,312,347,1441,983,298,1389,1891.0,-0.7628418083683118,51.260717456390964
5080,9.218,840,466,513,1608,1149,452,1555,1891.0,-0.7615046623413736,51.26071745639097
5081,3.804,572,53,272,1350,891,40,1297,1891.0,-0.7601675163144352,51.26071745639097
5082,3.332,648,10,428,1462,1043,34,1453,1891.0,-0.7588303702874969,51.26071745639097
5083,7.933,563,150,547,1378,1016,174,1521,1891.0,-0.7574932242605585,51.260717456390964
5084,3.189,587,183,590,1401,1040,207,1545,1891.0,-0.7561560782336203,51.260717456390985
5085,3.261,746,359,756,1560,1199,383,1704,1891.0,-0.7548189322066821,51.260717456390964
5086,23.048,791,405,802,1606,1245,428,1749,1891.0,-0.7534817861797435,51.26071745639097
5087,28.767,763,619,1062,1793,1505,523,2010,1891.0,-0.7508074941258669,51.26071745639097
5088,30.118,694,550,1131,1724,1574,454,2079,1891.0,-0.7494703480989285,51.26071745639097
5089,21.85,618,439,1198,1685,1686,342,2191,1891.0,-0.7481332020719902,51.260717456390964
5090,24.115,639,382,1238,1741,1742,286,2247,1891.0,-0.7467960560450522,51.26071745639097
5091,36.244,728,413,1328,1721,1889,317,2242,1891.0,-0.7454589100181137,51.26071745639097
5092,22.297,914,314,1513,1683,2017,218,2220,1891.0,-0.7441217639911755,51.260717456390964
5093,22.571,703,728,1302,1966,1976,632,2481,1891.0,-0.742784617964237,51.26071745639097
5094,11.509,862,887,1461,2125,2134,791,2639,1891.0,-0.7414474719372988,51.26071745639097
5095,1.061,1222,1068,1687,1142,1368,1040,1125,1891.0,-0.7360988878295455,51.26071745639097
5096,4.863,1297,1143,1620,1076,1302,1115,1059,1891.0,-0.7347617418026071,51.26071745639097
5097,0.845,1313,1159,1607,1062,1288,1131,1045,1891.0,-0.7334245957756689,51.26071745639097
5098,13.134,1350,1275,1471,926,1152,1063,909,1891.0,-0.7320874497487305,51.26071745639097
5099,39.228,1388,1313,1509,964,1190,1101,947,1891.0,-0.7307503037217923,51.26071745639097
5100,47.74,1265,1190,1385,841,1067,978,824,1891.0,-0.7294131576948538,51.26071745639097
5101,85.224,1114,1039,1234,690,916,827,673,1891.0,-0.7280760116679156,51.26071745639097
5102,34.878,1021,946,1141,597,823,733,580,1891.0,-0.7267388656409771,51.26071745639097
5103,52.394,960,885,1081,536,762,673,519,1891.0,-0.7254017196140388,51.26071745639097
5104,50.133,879,804,1000,455,681,592,198,1891.0,-0.7240645735871006,51.26071745639097
5105,18.163,744,300,990,454,324,567,918,1891.0,-0.721390281533224,51.26071745639097
5106,31.329,683,239,928,392,262,506,856,1891.0,-0.7200531355062856,51.26071745639097
5107,16.113,618,116,864,328,140,441,792,1891.0,-0.7187159894793472,51.26071745639097
5108,0.01,708,167,953,417,190,531,881,1891.0,-0.7173788434524089,51.26071745639097
5109,0.0,1582,1073,1128,1257,1208,1289,1257,1891.0,-0.7748658520336169,51.25975305669969
5110,0.0,1499,990,1045,1333,1125,1304,1340,1891.0,-0.7735287237298488,51.259753056699694
5111,8.651,1388,879,1098,1222,1014,1193,1297,1891.0,-0.7721915954260807,51.259753056699694
5112,6.677,1258,750,968,1092,885,1063,1167,1891.0,-0.7708544671223126,51.259753056699694
5113,1.466,1308,799,929,1142,934,1099,1216,1891.0,-0.7695173388185447,51.259753056699694
5114,2.608,1308,799,815,1142,934,1084,1217,1891.0,-0.7681802105147765,51.259753056699694
5115,1.811,687,743,722,1219,765,456,1169,1891.0,-0.7668430822110085,51.259753056699694
5116,1.736,680,343,30,1419,961,325,1367,1891.0,-0.7641688256034723,51.25975305669969
5117,1.553,649,312,0,1388,930,294,1336,1891.0,-0.7628316972997043,51.259753056699694
5118,4.211,493,151,179,1256,797,138,1203,1891.0,-0.7614945689959358,51.2597530566997
5119,5.443,491,120,211,1277,818,107,1224,1891.0,-0.7601574406921676,51.25975305669969
5120,16.361,415,238,425,1230,868,261,1373,1891.0,-0.7588203123883998,51.259753056699694
5121,45.03,536,274,547,1351,989,298,1494,1891.0,-0.7574831840846317,51.259753056699694
5122,30.017,633,312,643,1447,1086,335,1591,1891.0,-0.7561460557808636,51.259753056699694
5123,33.897,721,334,731,1535,1174,358,1679,1891.0,-0.7548089274770956,51.259753056699694
5124,39.758,804,569,815,1619,1258,593,1763,1891.0,-0.7534717991733272,51.259753056699694
5125,47.113,913,583,923,1728,1366,607,1871,1891.0,-0.7521346708695593,51.259753056699694
5126,8.868,903,739,966,1701,1409,663,1914,1891.0,-0.7507975425657912,51.2597530566997
5127,18.823,835,691,1048,1636,1489,595,1994,1891.0,-0.7494604142620229,51.25975305669969
5128,9.325,746,596,1147,1536,1590,506,2068,1891.0,-0.748123285958255,51.259753056699694
5129,4.429,767,424,1259,1562,1733,409,2098,1891.0,-0.7467861576544869,51.2597530566997
5130,4.236,811,210,1410,1579,1914,114,2116,1891.0,-0.7454490293507187,51.2597530566997
5131,19.534,926,118,1525,1487,2029,22,2024,1891.0,-0.7441119010469507,51.259753056699694
5132,5.678,958,173,1557,1542,2061,77,2079,1891.0,-0.7427747727431826,51.259753056699694
5133,8.187,922,947,1521,2184,2194,851,2699,1891.0,-0.7414376444394143,51.259753056699694
5134,0.0,1016,862,1775,1417,1752,834,1614,1891.0,-0.7401005161356461,51.259753056699694
5135,0.0,1094,940,1848,1495,1830,912,1692,1891.0,-0.7387633878318781,51.259753056699694
5136,1.356,1104,950,1805,1261,1487,922,1243,1891.0,-0.736089131224342,51.2597530566997
5137,6.017,1368,1267,1488,944,1170,1080,927,1891.0,-0.734752002920574,51.2597530566997
5138,0.102,1356,1275,1477,932,1158,1069,915,1891.0,-0.7334148746168059,51.25975305669971
5139,38.029,1301,1226,1421,877,1103,1013,860,1891.0,-0.7320777463130377,51.2597530566997
5140,113.924,1135,1060,1256,711,937,848,694,1891.0,-0.7307406180092696,51.259753056699694
5141,84.188,1079,1004,1199,655,881,792,638,1891.0,-0.7294034897055015,51.259753056699694
5142,53.831,918,843,1039,494,720,631,477,1891.0,-0.7280663614017332,51.259753056699694
5143,71.625,852,777,972,428,654,565,411,1891.0,-0.7267292330979651,51.259753056699694
5144,82.05,773,698,893,349,575,486,332,1891.0,-0.7253921047941971,51.259753056699694
5145,27.976,762,687,883,338,564,475,321,1891.0,-0.724054976490429,51.259753056699694
5146,62.263,673,598,793,249,475,385,12,1891.0,-0.7227178481866611,51.25975305669971
5147,53.229,658,583,790,313,460,370,115,1891.0,-0.7213807198828928,51.259753056699694
5148,35.832,643,199,888,352,222,466,816,1891.0,-0.7200435915791248,51.259753056699694
5149,28.527,521,19,767,230,43,344,694,1891.0,-0.7187064632753566,51.259753056699694
5150,18.544,602,60,847,311,37,425,775,1891.0,-0.7173693349715886,51.2597530566997
5151,9.148,676,134,921,385,111,499,849,1891.0,-0.7160322066678204,51.259753056699694
5152,0.0,1514,1006,1264,1121,1141,1153,1121,1891.0,-0.7748555820358891,51.25878866445852
5153,0.145,1255,746,965,1089,881,1060,1164,1891.0,-0.7708442502910959,51.258788664458514
5154,3.014,1231,746,919,1089,881,1015,1165,1891.0,-0.7695071397094982,51.25878866445851
5155,10.983,691,817,853,1160,757,531,1162,1891.0,-0.7681700291279003,51.25878866445852
5156,5.144,687,743,722,1219,765,456,1169,1891.0,-0.7668329185463026,51.25878866445851
5157,3.791,596,533,512,1128,674,246,1078,1891.0,-0.765495807964705,51.258788664458514
5158,2.175,609,510,490,1150,696,223,1101,1891.0,-0.764158697383107,51.25878866445852
5159,1.603,472,320,299,1100,642,34,1048,1891.0,-0.7628215868015095,51.25878866445851
5160,2.694,488,217,230,1173,714,120,1120,1891.0,-0.7614844762199117,51.258788664458514
5161,6.171,393,218,256,1207,836,205,1242,1891.0,-0.760147365638314,51.25878866445852
5162,7.069,331,294,349,1145,784,298,1289,1891.0,-0.7588102550567163,51.25878866445851
5163,29.641,858,584,869,1673,1312,607,1816,1891.0,-0.7574731444751185,51.25878866445852
5164,7.626,580,451,590,1394,1033,475,1538,1891.0,-0.7561360338935207,51.25878866445851
5165,16.029,626,481,637,1440,1079,504,1584,1891.0,-0.7547989233119232,51.258788664458514
5166,17.37,753,594,763,1567,1206,618,1711,1891.0,-0.7534618127303254,51.25878866445852
5167,10.666,855,725,865,1669,1308,749,1813,1891.0,-0.7521247021487277,51.258788664458514
5168,1.463,912,797,924,1727,1365,746,1870,1891.0,-0.7507875915671298,51.25878866445852
5169,0.498,987,788,1080,1703,1520,746,2024,1891.0,-0.7494504809855321,51.25878866445852
5170,5.778,877,679,1185,1594,1625,637,2116,1891.0,-0.7481133704039344,51.25878866445851
5171,4.541,915,717,1214,1631,1654,675,2159,1891.0,-0.7467762598223365,51.258788664458514
5172,21.368,725,294,1453,1209,1896,391,1746,1891.0,-0.7441020386591414,51.258788664458514
5173,16.324,854,47,1637,1338,2127,143,1875,1891.0,-0.7427649280775434,51.25878866445852
5174,27.812,757,127,1621,1241,2064,223,1778,1891.0,-0.7414278174959458,51.258788664458514
5175,0.366,1016,862,1775,1417,1752,834,1614,1891.0,-0.7400907069143481,51.25878866445851
5176,4.977,900,746,1722,1301,1636,717,1473,1891.0,-0.7387535963327502,51.25878866445852
5177,0.112,965,811,1787,1366,1625,783,1382,1891.0,-0.7374164857511525,51.25878866445851
5178,5.412,1033,879,1855,1434,1769,851,1578,1891.0,-0.7360793751695548,51.258788664458514
5179,0.0,1299,1223,1419,874,1100,1011,857,1891.0,-0.7334051540063594,51.258788664458514
5180,1.321,1224,1148,1344,799,1025,936,782,1891.0,-0.7320680434247615,51.258788664458514
5181,7.216,1108,1033,1228,684,910,820,667,1891.0,-0.7307309328431638,51.25878866445851
5182,3.801,1063,988,1184,639,865,776,622,1891.0,-0.7293938222615661,51.25878866445852
5183,3.004,926,851,1046,502,728,639,485,1891.0,-0.7280567116799682,51.25878866445852
5184,19.864,866,791,986,442,668,578,425,1891.0,-0.7267196010983705,51.25878866445851
5185,40.284,735,660,855,311,537,448,294,1891.0,-0.7253824905167728,51.258788664458514
5186,23.896,638,563,758,214,440,350,197,1891.0,-0.7240453799351749,51.258788664458514
5187,91.635,565,490,685,140,366,277,116,1891.0,-0.7227082693535772,51.258788664458514
5188,62.743,622,546,753,228,423,334,177,1891.0,-0.7213711587719795,51.258788664458514
5189,33.884,593,333,782,293,283,360,546,1891.0,-0.7200340481903819,51.258788664458514
5190,57.158,432,0,678,142,131,255,606,1891.0,-0.7186969376087842,51.258788664458514
5191,48.762,613,180,859,323,289,436,787,1891.0,-0.7173598270271864,51.258788664458514
5192,18.747,711,214,956,420,191,534,884,1891.0,-0.7160227164455886,51.258788664458514
5193,0.0,600,312,960,424,289,538,888,1891.0,-0.7146856058639909,51.258788664458514
5194,0.0,808,582,1230,694,559,765,1158,1891.0,-0.7120113847007955,51.258788664458514
5195,0.0,808,582,1230,694,559,765,1158,1891.0,-0.7106742741191975,51.258788664458514
5196,0.0,808,771,1281,883,748,764,1347,1891.0,-0.7093371635376,51.258788664458514
5197,4.536,928,574,871,917,649,768,992,1891.0,-0.7708340340362442,51.257824279667055
5198,8.753,810,701,940,1044,701,650,1078,1891.0,-0.7694969411758169,51.25782427966705
5199,14.781,726,772,865,1066,612,566,1017,1891.0,-0.7681598483153899,51.257824279667055
5200,7.131,532,715,695,945,491,372,896,1891.0,-0.7668227554549629,51.25782427966705
5201,10.139,505,624,604,1036,582,309,987,1891.0,-0.7654856625945355,51.25782427966704
5202,4.951,307,465,452,935,477,128,883,1891.0,-0.7641485697341082,51.25782427966704
5203,0.934,451,323,317,1080,621,25,1027,1891.0,-0.7628114768736813,51.25782427966705
5204,2.393,234,545,582,1049,688,527,1193,1891.0,-0.7614743840132541,51.25782427966704
5205,3.162,203,444,481,1018,656,431,1161,1891.0,-0.7601372911528271,51.257824279667055
5206,2.972,575,524,589,1390,1029,535,1533,1891.0,-0.7561260125715458,51.25782427966705
5207,18.782,576,506,589,1390,1029,530,1534,1891.0,-0.7547889197111186,51.257824279667055
5208,0.498,729,621,743,1544,1183,645,1688,1891.0,-0.7534518268506911,51.25782427966705
5209,3.179,826,718,840,1641,1279,742,1784,1891.0,-0.7521147339902641,51.257824279667055
5210,0.0,1024,871,1049,1789,1489,839,1994,1891.0,-0.7494405482694099,51.257824279667055
5211,1.593,231,287,1474,1111,1557,568,1414,1891.0,-0.7481034554089826,51.25782427966705
5212,12.616,298,353,1541,1177,1623,634,1480,1891.0,-0.7467663625485558,51.25782427966704
5213,14.205,684,323,1617,1168,2009,419,1704,1891.0,-0.7440921768277015,51.25782427966704
5214,22.423,623,289,1556,1106,1948,375,1643,1891.0,-0.7427550839672742,51.25782427966704
5215,13.967,766,135,1630,1250,2073,231,1787,1891.0,-0.7414179911068471,51.25782427966705
5216,4.734,732,578,1611,1173,1715,550,1616,1891.0,-0.7400808982464199,51.25782427966704
5217,5.069,856,701,1669,1248,1605,664,1520,1891.0,-0.7387438053859926,51.25782427966704
5218,0.0,889,735,1711,1290,1625,707,1459,1891.0,-0.7374067125255657,51.25782427966705
5219,1.769,1033,879,1855,1434,1769,851,1578,1891.0,-0.7360696196651386,51.257824279667055
5220,0.071,1337,1182,2158,1738,2072,1154,1906,1891.0,-0.7347325268047115,51.25782427966705
5221,0.67,1337,1182,2158,1738,2072,1154,1906,1891.0,-0.7333954339442843,51.257824279667055
5222,5.671,1216,1141,1336,792,1018,929,775,1891.0,-0.7320583410838571,51.257824279667055
5223,0.0,1216,1141,1336,792,1018,929,775,1891.0,-0.73072124822343,51.25782427966705
5224,0.0,1116,1041,1236,692,918,829,675,1891.0,-0.7293841553630028,51.25782427966704
5225,0.435,967,892,1087,543,769,680,526,1891.0,-0.7280470625025758,51.257824279667055
5226,1.567,1035,960,1155,611,837,748,594,1891.0,-0.7267099696421486,51.25782427966705
5227,1.19,1172,1097,1293,748,974,885,731,1891.0,-0.7253728767817216,51.257824279667055
5228,0.16,1223,1148,1343,799,1025,935,781,1891.0,-0.7240357839212943,51.25782427966705
5229,15.468,467,392,587,43,269,179,264,1891.0,-0.7226986910608671,51.257824279667055
5230,22.577,426,351,549,5,228,138,255,1891.0,-0.7213615982004401,51.257824279667055
5231,80.084,300,139,545,9,41,129,473,1891.0,-0.720024505340013,51.25782427966705
5232,66.891,355,77,600,64,57,178,528,1891.0,-0.7186874124795858,51.257824279667055
5233,56.919,548,271,794,258,251,371,722,1891.0,-0.7173503196191586,51.25782427966704
5234,0.897,613,180,859,323,289,436,787,1891.0,-0.7160132267587316,51.25782427966705
5235,0.0,569,343,991,455,319,526,919,1891.0,-0.7146761338983044,51.257824279667055
5236,0.0,429,444,903,594,459,386,1058,1891.0,-0.7133390410378773,51.257824279667055
5237,0.53,902,393,767,736,528,707,812,1891.0,-0.7721608934979665,51.25685990232497
5238,23.658,920,554,800,897,561,791,916,1891.0,-0.7708238183577103,51.25685990232497
5239,29.769,850,654,764,945,525,694,905,1891.0,-0.7694867432174538,51.25685990232497
5240,26.535,712,742,713,915,464,552,865,1891.0,-0.7681496680771978,51.25685990232497
5241,10.721,645,718,690,895,441,485,845,1891.0,-0.7668125929369416,51.25685990232496
5242,11.263,542,721,651,887,433,382,838,1891.0,-0.7654755177966853,51.25685990232497
5243,5.398,295,489,485,908,450,137,855,1891.0,-0.764138442656429,51.25685990232496
5244,4.355,289,485,486,915,461,128,870,1891.0,-0.7628013675161729,51.25685990232496
5245,5.018,36,604,603,915,554,393,1059,1891.0,-0.7614642923759167,51.25685990232496
5246,1.35,150,461,498,965,604,442,1108,1891.0,-0.7601272172356603,51.25685990232497
5247,0.011,302,612,649,1116,755,594,1260,1891.0,-0.7587901420954043,51.256859902324976
5248,14.231,368,423,1231,1247,1336,704,1550,1891.0,-0.7521047663941233,51.25685990232496
5249,7.822,236,292,1240,1116,1345,573,1419,1891.0,-0.7507676912538669,51.25685990232497
5250,8.024,77,132,1319,956,1402,413,1259,1891.0,-0.7494306161136105,51.256859902324955
5251,23.941,178,234,1421,1058,1504,515,1361,1891.0,-0.7480935409733546,51.25685990232496
5252,9.069,245,300,1487,1124,1570,581,1427,1891.0,-0.7467564658330983,51.25685990232496
5253,0.62,383,303,1524,1038,1645,220,1502,1891.0,-0.745419390692842,51.25685990232496
5254,2.961,484,450,1406,919,1804,260,1456,1891.0,-0.744082315552586,51.25685990232497
5255,11.643,510,410,1464,978,1835,319,1515,1891.0,-0.7427452404123296,51.25685990232496
5256,11.457,613,475,1559,1073,1862,414,1610,1891.0,-0.7414081652720735,51.256859902324976
5257,24.108,703,560,1639,1153,1796,521,1674,1891.0,-0.740071090131817,51.25685990232497
5258,3.545,897,743,1499,1078,1721,540,1678,1891.0,-0.738734014991561,51.25685990232497
5259,1.158,1062,908,1884,1463,1798,880,1671,1891.0,-0.7373969398513047,51.25685990232496
5260,16.811,1199,1045,2021,1600,1935,1016,1768,1891.0,-0.7360598647110486,51.25685990232496
5261,1.341,1304,1150,2126,1705,2040,1122,1874,1891.0,-0.7347227895707923,51.25685990232496
5262,0.274,1321,1167,2143,1722,2057,1139,1891,1891.0,-0.7333857144305361,51.25685990232496
5263,1.188,1422,1268,2244,1823,2158,1240,1992,1891.0,-0.7320486392902799,51.25685990232497
5264,0.234,1244,1169,1364,820,1046,957,803,1891.0,-0.7307115641500238,51.256859902324976
5265,0.0,1239,1164,1359,815,1041,952,798,1891.0,-0.7293744890097674,51.25685990232496
5266,0.0,1085,1010,1205,661,887,798,644,1891.0,-0.7280374138695112,51.25685990232497
5267,2.307,704,629,825,280,506,417,382,1891.0,-0.7226891133084864,51.25685990232497
5268,27.989,343,270,460,46,150,65,361,1891.0,-0.7213520381682301,51.25685990232497
5269,55.75,309,241,442,24,134,49,393,1891.0,-0.7200149630279737,51.25685990232497
5270,12.165,186,246,517,64,135,92,495,1891.0,-0.7186778878877175,51.25685990232496
5271,15.596,14,186,532,236,307,236,667,1891.0,-0.7173408127474613,51.25685990232497
5272,0.0,97,142,570,309,380,144,740,1891.0,-0.7160037376072053,51.25685990232496
5273,0.0,142,187,615,355,425,99,785,1891.0,-0.714666662466949,51.25685990232497
5274,0.0,429,444,903,594,459,386,1058,1891.0,-0.7133295873266928,51.25685990232496
5275,1.314,1159,660,1034,765,795,798,765,1891.0,-0.7748247755187015,51.255895532431865
5276,0.0,1038,529,902,694,664,727,694,1891.0,-0.7734877180976166,51.255895532431865
5277,0.356,874,416,739,759,501,729,835,1891.0,-0.7721506606765318,51.25589553243187
5278,14.827,765,525,630,818,392,736,772,1891.0,-0.7708136032554469,51.255895532431865
5279,25.902,797,614,662,850,424,682,804,1891.0,-0.7694765458343618,51.255895532431865
5280,22.812,698,663,642,830,404,540,784,1891.0,-0.7681394884132771,51.255895532431865
5281,30.416,654,657,621,823,369,494,774,1891.0,-0.7668024309921921,51.25589553243187
5282,11.607,483,604,475,728,274,323,678,1891.0,-0.7654653735711072,51.255895532431865
5283,4.783,430,633,442,749,289,292,703,1891.0,-0.7641283161500224,51.255895532431865
5284,10.086,290,783,511,823,430,424,861,1891.0,-0.7627912587289374,51.25589553243187
5285,8.207,158,660,451,764,403,301,908,1891.0,-0.7614542013078526,51.255895532431865
5286,10.511,281,701,518,790,551,424,985,1891.0,-0.7601171438867675,51.255895532431865
5287,2.577,281,701,518,790,551,424,985,1891.0,-0.7587800864656827,51.255895532431865
5288,14.252,493,690,841,1308,947,786,1452,1891.0,-0.7561059716235129,51.255895532431865
5289,35.472,504,559,972,1383,1077,840,1582,1891.0,-0.7547689142024282,51.25589553243187
5290,11.875,293,284,974,1108,1057,565,914,1891.0,-0.7534318567813432,51.255895532431865
5291,12.003,319,375,1182,1199,1288,656,1502,1891.0,-0.7520947993602584,51.25589553243188
5292,18.196,236,292,1240,1116,1345,573,1419,1891.0,-0.7507577419391733,51.255895532431865
5293,5.09,44,44,1234,868,1317,325,1174,1891.0,-0.7494206845180883,51.255895532431865
5294,1.031,221,141,1400,1009,1483,188,1340,1891.0,-0.7480836270970033,51.255895532431865
5295,0.0,307,227,1447,969,1569,143,1426,1891.0,-0.7467465696759186,51.25589553243187
5296,0.166,383,303,1509,1022,1645,204,1486,1891.0,-0.7454095122548338,51.25589553243187
5297,6.664,432,351,1254,768,1683,109,1305,1891.0,-0.7440724548337488,51.255895532431865
5298,25.462,608,560,1499,1013,1928,354,1550,1891.0,-0.7427353974126637,51.255895532431865
5299,10.295,849,739,1528,1041,1920,534,1578,1891.0,-0.7413983399915789,51.255895532431865
5300,39.969,857,732,1492,1006,1914,498,1542,1891.0,-0.740061282570494,51.255895532431865
5301,2.036,962,808,1371,950,1749,412,1761,1891.0,-0.7387242251494092,51.25589553243187
5302,11.008,1012,858,1558,1137,1600,599,1671,1891.0,-0.7373871677283242,51.25589553243187
5303,12.047,1199,1045,2021,1600,1935,1016,1768,1891.0,-0.7360501103072393,51.255895532431865
5304,1.849,1401,1247,2223,1802,2137,1219,1971,1891.0,-0.7333759954650696,51.255895532431865
5305,8.248,1480,1326,2302,1881,2216,1298,2050,1891.0,-0.7320389380439847,51.25589553243187
5306,0.152,2939,2785,2853,2686,2753,2551,2806,1891.0,-0.7307018806228998,51.25589553243187
5307,0.61,2339,1957,2016,1661,1938,1624,2041,1891.0,-0.7293648232018148,51.255895532431865
5308,0.142,1022,946,1154,713,823,734,970,1891.0,-0.7280277657807298,51.255895532431865
5309,7.567,480,412,381,159,295,56,535,1891.0,-0.7226795360963904,51.255895532431865
5310,27.679,455,387,402,134,270,31,510,1891.0,-0.7213424786753054,51.255895532431865
5311,25.901,331,236,372,122,248,53,495,1891.0,-0.7200054212542205,51.255895532431865
5312,12.561,158,43,388,227,354,148,601,1891.0,-0.7186683638331356,51.255895532431865
5313,5.019,177,47,432,271,397,146,644,1891.0,-0.7173313064120507,51.255895532431865
5314,0.422,131,130,558,344,414,156,749,1891.0,-0.7159942489909659,51.25589553243187
5315,5.89,258,302,731,470,541,214,901,1891.0,-0.7146571915698808,51.255895532431865
5316,0.0,258,302,731,470,541,214,901,1891.0,-0.7133201341487958,51.25589553243187
5317,0.0,588,257,888,733,646,318,1107,1891.0,-0.7119830767277111,51.255895532431865
5318,0.0,669,338,968,814,734,399,1187,1891.0,-0.7106460193066261,51.255895532431865
5319,0.0,1041,569,1132,629,893,662,629,1891.0,-0.7748145078381461,51.25493116998741
5320,0.464,1031,522,896,688,657,720,688,1891.0,-0.7734774681352331,51.25493116998741
5321,4.013,1031,522,896,688,657,720,688,1891.0,-0.7721404284323199,51.2549311699874
5322,0.327,777,87,657,490,436,461,699,1891.0,-0.7708033887294068,51.254931169987415
5323,2.54,639,525,504,691,266,609,646,1891.0,-0.7694663490264937,51.2549311699874
5324,16.144,615,501,480,667,241,585,621,1891.0,-0.7681293093235807,51.254931169987415
5325,20.803,515,435,380,569,146,478,522,1891.0,-0.7667922696206675,51.2549311699874
5326,6.487,472,585,379,638,229,411,646,1891.0,-0.7654552299177545,51.2549311699874
5327,4.539,405,673,384,697,309,400,735,1891.0,-0.7641181902148412,51.25493116998741
5328,5.25,292,674,321,634,272,433,777,1891.0,-0.7627811505119283,51.25493116998741
5329,8.205,352,615,404,705,392,495,862,1891.0,-0.7614441108090152,51.25493116998741
5330,11.101,383,633,451,723,496,527,917,1891.0,-0.760107071106102,51.25493116998741
5331,7.606,502,678,495,768,578,645,962,1891.0,-0.7587700314031888,51.25493116998741
5332,6.198,442,664,594,867,677,586,1055,1891.0,-0.7574329917002759,51.254931169987415
5333,4.685,526,657,874,1341,979,818,1484,1891.0,-0.7560959519973627,51.25493116998741
5334,3.878,420,412,865,1100,948,693,831,1891.0,-0.7547589122944495,51.25493116998741
5335,18.895,324,316,947,1133,1030,597,898,1891.0,-0.7534218725915365,51.25493116998741
5336,19.414,244,236,1022,1060,1105,517,962,1891.0,-0.7520848328886234,51.25493116998741
5337,11.47,171,163,1127,987,1210,444,1067,1891.0,-0.7507477931857103,51.25493116998741
5338,0.087,108,52,1263,844,1370,295,1227,1891.0,-0.7494107534827971,51.25493116998741
5339,0.0,224,143,1402,1006,1485,169,1342,1891.0,-0.748073713779884,51.25493116998741
5340,0.0,284,203,1402,916,1545,77,1402,1891.0,-0.7467366740769709,51.254931169987415
5341,4.839,360,280,1339,853,1611,46,1389,1891.0,-0.7453996343740578,51.25493116998741
5342,15.807,432,351,1254,768,1683,109,1305,1891.0,-0.7440625946711447,51.25493116998741
5343,17.96,770,739,1324,838,1752,330,1374,1891.0,-0.7427255549682317,51.254931169987415
5344,14.946,859,741,1467,981,1895,473,1517,1891.0,-0.7413885152653185,51.2549311699874
5345,11.478,892,768,1515,1029,1943,521,1565,1891.0,-0.7400514755624054,51.254931169987415
5346,0.471,624,729,1126,640,1554,296,1541,1891.0,-0.7387144358594923,51.25493116998741
5347,27.541,871,856,1188,767,1616,264,1606,1891.0,-0.7373773961565792,51.25493116998741
5348,22.285,924,910,1242,821,1670,283,1660,1891.0,-0.736040356453666,51.25493116998741
5349,9.162,933,1029,1323,940,1751,402,1603,1891.0,-0.734703316750753,51.25493116998741
5350,3.931,1384,1272,1516,1076,1186,1013,1257,1891.0,-0.7333662770478397,51.2549311699874
5351,3.85,1508,1354,2330,1909,2244,1326,2078,1891.0,-0.7320292373449266,51.254931169987415
5352,7.933,1054,1100,1307,866,977,854,1110,1891.0,-0.7306921976420137,51.2549311699874
5353,4.181,1101,1025,1233,792,902,813,980,1891.0,-0.7293551579391004,51.2549311699874
5354,1.165,1013,938,1145,704,815,725,962,1891.0,-0.7280181182361873,51.254931169987415
5355,0.348,935,362,388,618,754,195,994,1891.0,-0.7266810785332741,51.2549311699874
5356,2.463,935,362,388,618,754,195,994,1891.0,-0.7253440388303611,51.254931169987415
5357,30.406,668,374,121,417,553,71,793,1891.0,-0.7240069991274479,51.2549311699874
5358,34.262,546,432,0,406,561,192,801,1891.0,-0.7226699594245349,51.254931169987415
5359,42.219,454,339,92,314,469,263,709,1891.0,-0.7213329197216217,51.25493116998741
5360,51.742,377,262,180,237,392,211,632,1891.0,-0.7199958800187086,51.2549311699874
5361,80.446,256,141,290,285,412,216,659,1891.0,-0.7186588403157956,51.254931169987415
5362,64.758,243,63,491,330,457,61,704,1891.0,-0.7173218006128826,51.25493116998741
5363,12.605,325,79,583,425,552,12,798,1891.0,-0.7159847609099694,51.25493116998741
5364,2.209,364,33,653,498,625,83,872,1891.0,-0.7146477212070562,51.25493116998741
5365,9.23,471,168,653,564,690,149,937,1891.0,-0.7133106815041431,51.25493116998741
5366,0.0,669,338,968,814,734,399,1187,1891.0,-0.7106366020983169,51.25493116998741
5367,0.0,866,562,1047,958,975,528,1332,1891.0,-0.709299562395404,51.25493116998741
5368,0.21,803,110,855,452,634,423,502,1891.0,-0.7748042407367655,51.25396681499125
5369,5.044,760,67,812,410,591,380,545,1891.0,-0.7734672187510245,51.25396681499126
5370,3.665,765,43,701,446,480,417,655,1891.0,-0.7721301967652839,51.25396681499125
5371,7.94,764,100,645,503,424,473,712,1891.0,-0.7707931747795432,51.25396681499125
5372,2.292,680,184,561,563,340,534,674,1891.0,-0.7694561527938023,51.253966814991244
5373,12.077,525,355,390,577,169,495,531,1891.0,-0.7681191308080616,51.25396681499126
5374,10.372,480,419,343,537,115,454,491,1891.0,-0.766782108822321,51.25396681499126
5375,69.999,603,582,367,679,63,597,634,1891.0,-0.7654450868365803,51.25396681499126
5376,20.913,451,615,214,527,110,550,653,1891.0,-0.7641080648508394,51.25396681499126
5377,10.089,415,606,366,670,317,557,822,1891.0,-0.7627710428650987,51.25396681499126
5378,8.4,441,537,354,627,377,549,821,1891.0,-0.761434020879358,51.25396681499125
5379,9.697,498,538,356,628,423,551,822,1891.0,-0.7600969988936171,51.25396681499126
5380,9.533,525,674,491,764,574,666,958,1891.0,-0.7587599769078764,51.25396681499125
5381,8.549,574,719,541,809,626,714,963,1891.0,-0.7574229549221355,51.25396681499125
5382,31.518,647,798,633,906,716,790,1026,1891.0,-0.756085932936395,51.25396681499125
5383,11.333,438,430,873,1038,967,711,768,1891.0,-0.754748910950654,51.25396681499126
5384,3.302,412,403,900,1065,993,684,795,1891.0,-0.7534118889649134,51.25396681499125
5385,0.382,0,712,857,906,1161,442,752,1891.0,-0.7520748669791724,51.25396681499125
5386,0.115,173,702,945,858,1250,394,841,1891.0,-0.7507378449934318,51.25396681499125
5387,0.238,269,250,1127,641,1468,177,1144,1891.0,-0.7494008230076911,51.25396681499125
5388,1.557,282,251,1107,629,1493,165,1123,1891.0,-0.7480638010219504,51.25396681499125
5389,2.093,432,401,993,507,1422,7,1044,1891.0,-0.7467267790362095,51.25396681499126
5390,12.722,586,555,1139,653,1568,145,1190,1891.0,-0.7453897570504691,51.25396681499125
5391,12.945,313,418,815,329,1243,233,1210,1891.0,-0.7440527350647282,51.25396681499125
5392,10.221,849,818,1403,916,1831,409,1453,1891.0,-0.7427157130789874,51.25396681499125
5393,42.049,382,487,884,398,1312,245,1299,1891.0,-0.7413786910932465,51.25396681499126
5394,108.371,420,525,922,436,1350,243,1336,1891.0,-0.7400416691075058,51.25396681499126
5395,49.449,486,591,988,502,1416,231,1402,1891.0,-0.7387046471217651,51.25396681499125
5396,58.962,718,763,1125,674,1553,209,1544,1891.0,-0.7373676251360245,51.25396681499125
5397,17.656,725,710,1042,621,1471,83,1461,1891.0,-0.7360306031502837,51.25396681499125
5398,48.842,818,803,1135,714,1563,176,1493,1891.0,-0.7346935811645429,51.25396681499125
5399,64.211,878,975,1268,886,1697,347,1548,1891.0,-0.7333565591788022,51.25396681499126
5400,57.292,885,981,1275,892,1703,354,1555,1891.0,-0.7320195371930613,51.25396681499125
5401,5.082,3049,2675,2743,2576,2642,2536,2819,1891.0,-0.7306825152073206,51.25396681499125
5402,0.072,3049,2675,2743,2576,2642,2536,2819,1891.0,-0.7293454932215798,51.25396681499126
5403,8.686,935,362,388,618,754,195,994,1891.0,-0.7266714492500984,51.25396681499126
5404,33.818,935,362,388,618,754,195,994,1891.0,-0.7253344272643575,51.25396681499126
5405,55.403,716,336,169,420,556,34,796,1891.0,-0.7239974052786168,51.25396681499125
5406,39.842,961,511,415,668,804,245,1044,1891.0,-0.7226603832928761,51.25396681499126
5407,54.325,567,452,149,479,635,342,874,1891.0,-0.7213233613071351,51.25396681499125
5408,44.971,449,334,258,361,516,336,756,1891.0,-0.7199863393213946,51.25396681499125
5409,20.602,370,255,310,360,486,300,733,1891.0,-0.7186493173356537,51.25396681499126
5410,42.455,449,307,424,439,566,232,812,1891.0,-0.717312295349913,51.25396681499125
5411,69.759,404,149,531,490,616,74,863,1891.0,-0.7159752733641724,51.25396681499125
5412,51.097,482,178,677,575,701,159,948,1891.0,-0.7146382513784316,51.25396681499126
5413,68.843,481,178,663,574,701,159,948,1891.0,-0.7133012293926909,51.25396681499126
5414,3.959,628,324,803,721,847,305,1094,1891.0,-0.71196420740695,51.25396681499125
5415,0.0,657,354,839,750,876,319,1123,1891.0,-0.7106271854212093,51.25396681499126
5416,0.0,856,552,1037,949,984,518,1322,1891.0,-0.7092901634354685,51.25396681499125
5417,10.509,640,322,789,289,738,260,448,1891.0,-0.7747939742145116,51.25300246744303
5418,12.875,623,150,698,272,675,243,553,1891.0,-0.7734569699449438,51.25300246744302
5419,9.471,551,266,581,331,582,301,555,1891.0,-0.7721199656753761,51.25300246744303
5420,14.176,555,309,574,438,465,409,549,1891.0,-0.7707829614058083,51.253002467443025
5421,24.181,427,414,433,466,437,392,421,1891.0,-0.7694459571362406,51.253002467443025
5422,20.679,329,535,263,382,286,300,336,1891.0,-0.7681089528666728,51.25300246744302
5423,27.014,335,548,211,396,257,308,345,1891.0,-0.7667719485971053,51.253002467443025
5424,29.652,449,574,70,468,357,428,465,1891.0,-0.7654349443275372,51.25300246744302
5425,49.324,504,513,69,406,275,475,525,1891.0,-0.7640979400579696,51.25300246744302
5426,3.905,495,557,138,450,187,524,594,1891.0,-0.7627609357884018,51.253002467443025
5427,2.063,587,397,215,487,436,410,681,1891.0,-0.7614239315188341,51.25300246744302
5428,4.914,558,574,391,664,493,587,858,1891.0,-0.7600869272492664,51.253002467443025
5429,4.143,700,465,302,555,708,478,689,1891.0,-0.7587499229796987,51.253002467443025
5430,5.829,712,551,388,641,642,564,776,1891.0,-0.7574129187101308,51.25300246744302
5431,4.051,504,522,405,646,837,568,563,1891.0,-0.7560759144405632,51.253002467443025
5432,0.779,396,531,517,754,949,577,571,1891.0,-0.7547389101709954,51.25300246744302
5433,21.094,200,589,734,899,1038,578,629,1891.0,-0.7534019059014275,51.253002467443025
5434,21.26,48,674,819,923,1124,459,715,1891.0,-0.7520649016318598,51.253002467443025
5435,19.09,140,645,880,801,1185,337,776,1891.0,-0.7507278973622922,51.253002467443025
5436,71.387,243,539,992,695,1297,231,888,1891.0,-0.7493908930927243,51.25300246744303
5437,62.525,341,454,1046,609,1377,145,968,1891.0,-0.7480538888231566,51.25300246744302
5438,3.903,425,395,976,490,1395,49,1007,1891.0,-0.7467168845535888,51.253002467443025
5439,3.878,368,467,870,384,1298,139,1116,1891.0,-0.7453798802840211,51.253002467443025
5440,5.847,285,390,787,301,1216,206,1182,1891.0,-0.7440428760144534,51.25300246744303
5441,56.272,207,312,709,223,1138,185,1124,1891.0,-0.7427058717448854,51.253002467443025
5442,99.823,295,395,792,306,1220,131,1211,1891.0,-0.741368867475318,51.253002467443025
5443,112.439,371,470,867,380,1295,175,1281,1891.0,-0.7400318632057502,51.253002467443025
5444,79.204,472,532,868,443,1297,102,1355,1891.0,-0.7386948589361823,51.25300246744303
5445,83.143,604,631,966,541,1394,102,1438,1891.0,-0.7373578546666146,51.253002467443025
5446,48.962,665,660,991,571,1420,41,1418,1891.0,-0.7360208503970468,51.25300246744302
5447,60.618,798,828,1160,739,1588,201,1468,1891.0,-0.734683846127479,51.253002467443025
5448,57.589,758,906,1148,817,1577,238,1428,1891.0,-0.7333468418579113,51.25300246744302
5449,92.978,793,1014,1183,924,1611,177,1463,1891.0,-0.7320098375883435,51.253002467443025
5450,20.351,837,242,290,498,656,97,896,1891.0,-0.725324816240505,51.25300246744303
5451,59.866,957,506,410,663,799,240,1039,1891.0,-0.7239878119709372,51.253002467443025
5452,78.932,952,501,405,659,795,236,1034,1891.0,-0.7226508077013695,51.25300246744303
5453,62.553,558,443,164,470,625,357,865,1891.0,-0.7213138034318017,51.253002467443025
5454,49.614,480,365,236,393,548,367,788,1891.0,-0.7199767991622339,51.253002467443025
5455,17.418,486,371,372,465,603,417,849,1891.0,-0.718639794892666,51.25300246744302
5456,52.189,540,425,425,519,656,470,903,1891.0,-0.7173027906230984,51.25300246744303
5457,66.913,650,478,536,629,767,443,1013,1891.0,-0.7159657863535306,51.25300246744302
5458,118.683,686,382,632,725,862,363,1109,1891.0,-0.7146287820839629,51.253002467443025
5459,120.087,650,346,772,742,869,295,1116,1891.0,-0.713291777814395,51.25300246744303
5460,20.821,688,384,869,780,907,202,1154,1891.0,-0.7119547735448273,51.25300246744303
5461,12.659,688,384,869,780,907,202,1154,1891.0,-0.7106177692752594,51.25300246744302
5462,16.969,861,558,1036,954,1080,357,1327,1891.0,-0.709280765005692,51.253002467443025
5463,0.0,1292,626,1147,761,1498,1014,761,1891.0,-0.7868165872608838,51.25203812734235
5464,0.0,1203,536,1191,672,1408,925,672,1891.0,-0.7854796007064897,51.25203812734235
5465,0.0,1075,664,1063,544,1280,797,544,1891.0,-0.7841426141520957,51.25203812734237
5466,0.0,1075,664,1063,544,1280,797,544,1891.0,-0.7828056275977016,51.25203812734236
5467,0.0,907,520,896,376,1113,630,376,1891.0,-0.7814686410433076,51.25203812734236
5468,2.373,831,62,995,419,1005,451,419,1891.0,-0.7801316544889138,51.25203812734237
5469,10.596,789,21,954,377,964,409,377,1891.0,-0.7787946679345196,51.25203812734236
5470,0.065,647,158,812,228,822,268,228,1891.0,-0.7774576813801257,51.25203812734236
5471,2.976,606,205,770,224,780,226,230,1891.0,-0.7761206948257315,51.252038127342374
5472,15.212,600,310,764,249,726,220,372,1891.0,-0.7747837082713376,51.25203812734236
5473,23.397,435,319,609,130,592,100,427,1891.0,-0.7734467217169436,51.25203812734237
5474,28.355,452,364,618,232,533,203,466,1891.0,-0.7721097351625495,51.25203812734236
5475,79.771,419,446,556,382,449,330,412,1891.0,-0.7707727486081554,51.25203812734235
5476,92.913,314,506,542,353,344,279,307,1891.0,-0.7694357620537614,51.25203812734237
5477,13.488,197,416,340,244,227,165,198,1891.0,-0.7680987754993674,51.25203812734235
5478,40.568,223,446,291,290,254,195,233,1891.0,-0.7667617889449735,51.25203812734237
5479,69.54,270,427,311,320,300,248,285,1891.0,-0.7654248023905795,51.25203812734236
5480,57.707,456,425,115,318,323,392,462,1891.0,-0.7640878158361853,51.25203812734236
5481,9.815,636,333,150,423,470,346,617,1891.0,-0.7614138427273972,51.25203812734236
5482,1.071,661,300,119,390,533,313,542,1891.0,-0.7600768561730031,51.25203812734235
5483,2.127,629,392,245,482,672,405,588,1891.0,-0.7587398696186091,51.25203812734237
5484,3.615,574,464,313,554,745,477,584,1891.0,-0.7574028830642152,51.25203812734235
5485,32.468,405,449,463,658,856,494,489,1891.0,-0.7560658965098211,51.25203812734236
5486,4.52,313,461,553,752,910,507,501,1891.0,-0.7547289099554272,51.25203812734236
5487,47.977,234,518,680,828,968,541,559,1891.0,-0.7533919234010332,51.25203812734236
5488,94.837,323,617,779,915,1066,522,657,1891.0,-0.752054936846639,51.25203812734236
5489,67.46,288,672,895,803,1179,343,770,1891.0,-0.7507179502922451,51.25203812734236
5490,20.505,261,625,937,766,1241,303,832,1891.0,-0.7493809637378511,51.25203812734235
5491,1.146,280,518,1016,673,1320,209,912,1891.0,-0.748043977183457,51.25203812734236
5492,50.78,10,266,663,177,1092,250,906,1891.0,-0.744033017520275,51.25203812734236
5493,82.324,113,199,596,110,1025,142,1015,1891.0,-0.742696030965881,51.25203812734235
5494,104.97,256,281,678,192,1106,38,1105,1891.0,-0.7413590444114868,51.25203812734237
5495,118.951,341,352,739,263,1167,88,1184,1891.0,-0.740022057857093,51.25203812734235
5496,280.129,488,478,810,389,1238,55,1310,1891.0,-0.7386850713026989,51.25203812734236
5497,63.714,564,549,881,460,1309,101,1371,1891.0,-0.7373480847483048,51.25203812734236
5498,49.321,617,646,971,556,1399,37,1320,1891.0,-0.7360110981939108,51.25203812734235
5499,65.978,646,717,1036,628,1464,109,1316,1891.0,-0.7346741116395168,51.25203812734237
5500,97.6,645,947,1035,858,1463,28,1315,1891.0,-0.7333371250851228,51.25203812734235
5501,89.607,752,1011,1142,922,1570,135,1422,1891.0,-0.7320001385307288,51.25203812734236
5502,3.027,852,0,495,443,876,93,957,1891.0,-0.7266521923131525,51.25203812734236
5503,15.87,775,87,434,365,815,14,880,1891.0,-0.7253152057587586,51.25203812734236
5504,39.962,961,274,621,552,1002,200,1066,1891.0,-0.7239782192043644,51.25203812734236
5505,38.44,988,537,441,694,831,271,1070,1891.0,-0.7226412326499706,51.25203812734236
5506,31.137,991,548,452,706,842,283,1081,1891.0,-0.7213042460955765,51.25203812734235
5507,83.434,680,538,294,592,748,454,987,1891.0,-0.7199672595411826,51.25203812734237
5508,47.071,696,431,240,608,763,358,1003,1891.0,-0.7186302729867885,51.25203812734236
5509,26.398,594,479,480,573,711,481,958,1891.0,-0.7172932864323945,51.25203812734236
5510,82.093,716,544,602,695,832,359,1079,1891.0,-0.7159562998780005,51.25203812734237
5511,71.559,790,504,727,820,958,277,1205,1891.0,-0.7146193133236065,51.25203812734235
5512,66.335,789,486,780,874,1009,189,1256,1891.0,-0.7132823267692122,51.25203812734236
5513,59.307,863,560,838,948,1083,145,1330,1891.0,-0.7119453402148183,51.25203812734236
5514,23.361,853,522,728,946,1072,36,1319,1891.0,-0.7106083536604245,51.25203812734236
5515,29.413,1023,623,829,1116,1243,137,1489,1891.0,-0.7092713671060303,51.25203812734236
5516,0.203,1437,888,885,856,1521,1245,887,1891.0,-0.7868061624691712,51.25107379468891
5517,6.41,1222,876,1121,757,1427,1010,757,1891.0,-0.7854691936289517,51.25107379468891
5518,1.531,907,520,896,376,1113,630,376,1891.0,-0.7814582871082931,51.251073794688914
5519,0.0,782,394,856,251,987,504,251,1891.0,-0.7801213182680737,51.25107379468891
5520,0.61,727,340,808,197,932,450,197,1891.0,-0.7787843494278541,51.25107379468891
5521,3.301,661,284,802,125,866,371,125,1891.0,-0.7774473805876347,51.25107379468891
5522,13.03,584,377,725,19,789,364,19,1891.0,-0.7761104117474154,51.25107379468891
5523,8.803,435,415,600,38,648,83,410,1891.0,-0.7747734429071957,51.25107379468891
5524,30.278,373,440,542,127,585,71,333,1891.0,-0.7734364740669765,51.251073794688914
5525,42.718,305,455,479,162,508,95,319,1891.0,-0.7720995052267569,51.25107379468891
5526,22.854,346,500,555,247,381,256,334,1891.0,-0.7707625363865371,51.25107379468891
5527,27.868,235,449,560,108,266,200,220,1891.0,-0.7694255675463179,51.25107379468892
5528,14.018,114,330,441,154,145,81,103,1891.0,-0.7680885987060984,51.25107379468891
5529,12.378,119,365,380,214,110,78,160,1891.0,-0.7667516298658789,51.25107379468891
5530,37.269,210,346,309,225,210,178,238,1891.0,-0.7654146610256595,51.25107379468892
5531,48.372,333,302,160,195,303,269,339,1891.0,-0.7640776921854399,51.251073794688914
5532,60.797,395,274,63,257,365,286,400,1891.0,-0.7627407233452204,51.25107379468891
5533,23.435,483,186,24,276,440,199,455,1891.0,-0.7614037545050009,51.25107379468891
5534,3.729,583,209,185,298,500,221,433,1891.0,-0.7600667856647814,51.25107379468891
5535,8.705,633,335,312,425,622,348,456,1891.0,-0.7587298168245619,51.251073794688914
5536,10.265,568,361,378,492,693,400,416,1891.0,-0.7573928479843424,51.25107379468891
5537,20.347,455,311,479,592,760,357,352,1891.0,-0.7560558791441229,51.251073794688914
5538,28.911,358,383,551,684,833,429,424,1891.0,-0.7547189103039035,51.25107379468891
5539,39.616,307,515,682,825,964,560,555,1891.0,-0.7533819414636839,51.25107379468891
5540,27.186,489,542,758,852,991,495,583,1891.0,-0.7520449726234646,51.25107379468892
5541,49.709,387,644,860,833,1093,393,684,1891.0,-0.7507080037832449,51.25107379468891
5542,4.722,399,689,905,845,1138,405,729,1891.0,-0.7493710349430253,51.25107379468891
5543,2.223,289,396,501,307,1179,396,627,1891.0,-0.7466970972625866,51.251073794688914
5544,75.115,165,272,625,183,1098,272,751,1891.0,-0.745360128422367,51.25107379468891
5545,94.328,132,219,616,130,1044,219,884,1891.0,-0.7440231595821474,51.25107379468891
5546,40.642,196,81,478,0,906,81,913,1891.0,-0.7426861907419281,51.25107379468891
5547,85.966,270,245,608,166,1036,31,1077,1891.0,-0.7413492219017084,51.251073794688914
5548,55.832,382,181,490,181,918,138,1013,1891.0,-0.740012253061489,51.251073794688914
5549,78.028,500,374,682,343,1111,173,1206,1891.0,-0.7386752842212696,51.251073794688914
5550,66.545,628,458,726,458,1155,180,1290,1891.0,-0.7373383153810499,51.25107379468891
5551,22.709,749,735,1066,645,1495,239,1501,1891.0,-0.7360013465408306,51.251073794688914
5552,35.593,480,783,870,694,1298,135,1150,1891.0,-0.734664377700611,51.25107379468891
5553,49.017,616,918,1006,829,1434,0,1286,1891.0,-0.7333274088603916,51.25107379468891
5554,1.399,856,494,851,51,1232,343,961,1891.0,-0.7293165023397331,51.25107379468891
5555,29.172,804,442,799,178,1180,291,909,1891.0,-0.7279795334995135,51.25107379468891
5556,29.115,711,349,707,224,1088,199,817,1891.0,-0.7266425646592941,51.251073794688914
5557,28.958,701,150,507,292,888,0,807,1891.0,-0.7253055958190746,51.251073794688914
5558,29.128,880,192,539,470,920,119,985,1891.0,-0.723968626978855,51.251073794688914
5559,39.463,954,325,601,603,1021,251,1117,1891.0,-0.7226316581386355,51.25107379468891
5560,48.3,847,432,494,703,915,358,1154,1891.0,-0.7212946892984161,51.25107379468891
5561,54.276,760,470,407,673,828,360,1068,1891.0,-0.7199577204581965,51.25107379468891
5562,66.992,864,367,478,579,931,257,1164,1891.0,-0.7186207516179771,51.25107379468891
5563,0.884,913,194,3,726,980,261,1220,1891.0,-0.7172837827777576,51.25107379468891
5564,17.907,911,434,399,803,1003,317,1242,1891.0,-0.7159468139375382,51.25107379468892
5565,37.428,844,636,730,823,961,239,1208,1891.0,-0.7146098450973187,51.25107379468891
5566,117.373,927,529,734,932,1070,124,1317,1891.0,-0.713272876257099,51.25107379468891
5567,41.83,1056,474,680,1091,1229,114,1476,1891.0,-0.7119359074168796,51.25107379468891
5568,10.786,890,487,693,982,1109,9,1356,1891.0,-0.7105989385766601,51.25107379468891
5569,22.606,1003,599,805,1096,1222,113,1469,1891.0,-0.7092619697364406,51.251073794688914
5570,1.067,1413,912,861,832,1497,1221,863,1891.0,-0.7867957382654354,51.250109469482304
5571,10.521,1211,888,1109,768,1416,1009,768,1891.0,-0.7854587871383912,51.2501094694823
5572,10.302,1103,858,1002,687,1308,911,687,1891.0,-0.7841218360113473,51.250109469482304
5573,0.559,1010,764,908,594,1215,817,594,1891.0,-0.7827848848843031,51.2501094694823
5574,5.196,786,541,685,370,991,594,370,1891.0,-0.7801109826302149,51.250109469482304
5575,21.413,676,422,722,260,881,484,260,1891.0,-0.778774031503171,51.25010946948231
5576,10.853,590,372,730,179,795,397,179,1891.0,-0.7774370803761269,51.2501094694823
5577,19.596,494,448,635,122,699,274,122,1891.0,-0.7761001292490828,51.2501094694823
5578,20.505,449,538,633,204,662,184,204,1891.0,-0.7747631781220388,51.250109469482304
5579,16.769,358,499,542,184,571,126,312,1891.0,-0.7734262269949946,51.250109469482304
5580,8.418,218,409,363,224,423,188,203,1891.0,-0.7720892758679506,51.250109469482304
5581,23.67,159,361,343,157,346,255,183,1891.0,-0.7707523247409065,51.2501094694823
5582,44.115,270,463,592,7,301,215,195,1891.0,-0.7694153736138624,51.250109469482304
5583,36.167,125,235,443,61,139,48,45,1891.0,-0.7680784224868183,51.2501094694823
5584,31.694,40,294,456,117,31,22,63,1891.0,-0.7667414713597744,51.250109469482304
5585,27.783,79,322,394,156,48,18,115,1891.0,-0.7654045202327303,51.2501094694823
5586,48.053,210,206,277,50,176,124,193,1891.0,-0.7640675691056862,51.2501094694823
5587,22.649,375,99,261,116,344,85,380,1891.0,-0.7627306179786422,51.250109469482304
5588,13.735,409,53,187,164,351,53,352,1891.0,-0.7613936668515981,51.25010946948231
5589,1.587,465,91,192,217,362,104,314,1891.0,-0.7600567157245538,51.250109469482304
5590,3.047,640,264,300,374,550,271,312,1891.0,-0.7587197645975098,51.2501094694823
5591,5.012,693,318,331,445,621,331,420,1891.0,-0.757382813470466,51.25010946948231
5592,63.335,495,252,461,562,702,298,293,1891.0,-0.7560458623434217,51.250109469482304
5593,65.054,540,410,626,720,860,456,451,1891.0,-0.7547089112163777,51.25010946948231
5594,30.563,576,514,729,824,963,559,554,1891.0,-0.7533719600893336,51.2501094694823
5595,16.361,576,514,729,824,963,559,554,1891.0,-0.7520350089622895,51.250109469482304
5596,2.509,463,753,969,909,1203,469,794,1891.0,-0.7506980578352453,51.2501094694823
5597,1.276,344,541,548,469,1178,558,464,1891.0,-0.7493611067082012,51.2501094694823
5598,1.865,358,517,524,474,1191,571,478,1891.0,-0.7480241555811572,51.250109469482304
5599,6.676,366,402,424,348,1102,445,653,1891.0,-0.7466872044541132,51.2501094694823
5600,84.415,281,337,709,248,1137,337,1002,1891.0,-0.7453502533270691,51.250109469482304
5601,110.858,221,277,674,188,1102,277,968,1891.0,-0.744013302200025,51.25010946948231
5602,32.882,337,60,382,39,810,60,817,1891.0,-0.7426763510729811,51.250109469482304
5603,58.972,415,152,407,152,836,152,972,1891.0,-0.7413393999459369,51.2501094694823
5604,44.685,558,299,444,298,872,299,1042,1891.0,-0.7400024488188929,51.250109469482304
5605,59.031,484,283,592,283,1020,173,1116,1891.0,-0.7386654976918487,51.2501094694823
5606,71.657,600,399,668,399,1097,238,1231,1891.0,-0.7373285465648047,51.2501094694823
5607,52.986,757,743,1075,654,1503,247,1509,1891.0,-0.7359915954377608,51.25010946948231
5608,3.458,392,768,805,692,1233,223,1062,1891.0,-0.7346546443107167,51.250109469482304
5609,27.359,835,473,830,30,1211,323,940,1891.0,-0.7293068398025405,51.2501094694823
5610,42.487,724,362,720,80,1100,212,829,1891.0,-0.7279698886754964,51.25010946948231
5611,29.8,626,280,637,178,1018,129,731,1891.0,-0.7266329375484523,51.250109469482304
5612,51.297,670,370,727,315,1108,219,775,1891.0,-0.7252959864214082,51.250109469482304
5613,76.176,747,446,700,239,1184,296,852,1891.0,-0.723959035294364,51.2501094694823
5614,56.831,884,511,669,208,1322,411,893,1891.0,-0.72262208416732,51.2501094694823
5615,49.274,935,369,526,287,1224,268,972,1891.0,-0.721285133040276,51.250109469482304
5616,58.157,822,248,396,460,1050,138,1107,1891.0,-0.7199481819132318,51.250109469482304
5617,61.685,822,248,396,460,1050,138,1107,1891.0,-0.7186112307861878,51.250109469482304
5618,28.017,911,193,1,724,979,259,1218,1891.0,-0.7172742796591436,51.2501094694823
5619,7.472,950,170,71,741,1048,276,1236,1891.0,-0.7159373285320996,51.250109469482304
5620,25.394,1005,237,443,897,1420,193,1392,1891.0,-0.7146003774050556,51.2501094694823
5621,95.415,999,466,672,1034,1172,20,1419,1891.0,-0.7132634262780115,51.2501094694823
5622,40.383,1057,325,531,985,1289,61,1462,1891.0,-0.7119264751509674,51.250109469482304
5623,7.178,1089,340,546,1000,1308,88,1493,1891.0,-0.7105895240239234,51.25010946948231
5624,5.653,1093,847,991,676,1298,900,676,1891.0,-0.7841114478198928,51.24914515172218
5625,3.012,1010,764,908,594,1215,817,594,1891.0,-0.7827745144050252,51.249145151722175
5626,0.0,909,664,489,459,1114,717,491,1891.0,-0.7814375809901575,51.249145151722175
5627,15.909,763,712,320,385,964,724,400,1891.0,-0.7801006475752899,51.24914515172218
5628,38.22,758,902,93,437,956,873,468,1891.0,-0.778763714160422,51.249145151722175
5629,6.617,604,749,120,319,802,720,434,1891.0,-0.7774267807455545,51.24914515172217
5630,35.683,531,676,6,246,729,647,361,1891.0,-0.7760898473306866,51.24914515172217
5631,71.267,432,616,105,240,630,548,262,1891.0,-0.774752913915819,51.24914515172217
5632,76.928,303,486,235,328,500,418,132,1891.0,-0.7734159805009515,51.24914515172218
5633,217.613,192,354,254,217,389,307,59,1891.0,-0.7720790470860837,51.249145151722175
5634,91.826,90,268,225,115,289,210,93,1891.0,-0.7707421136712159,51.249145151722175
5635,132.224,26,224,275,51,228,151,117,1891.0,-0.7694051802563485,51.24914515172218
5636,48.466,121,117,325,16,118,40,26,1891.0,-0.7680682468414809,51.249145151722175
5637,54.213,169,244,451,31,31,112,85,1891.0,-0.7667313134266133,51.24914515172218
5638,50.267,216,252,404,42,79,146,133,1891.0,-0.7653943800117454,51.24914515172217
5639,88.3,371,225,400,164,264,171,291,1891.0,-0.7640574465968778,51.24914515172218
5640,31.919,5000,5000,5000,5000,5000,5000,5000,1891.0,-0.7627205131820101,51.24914515172218
5641,202.429,450,66,225,203,275,88,275,1891.0,-0.7613835797671422,51.24914515172217
5642,152.864,594,124,324,302,324,145,283,1891.0,-0.7600466463522747,51.24914515172218
5643,240.257,563,138,395,387,480,137,132,1891.0,-0.7587097129374069,51.24914515172218
5644,22.281,529,104,403,367,505,104,97,1891.0,-0.7573727795225393,51.24914515172218
5645,60.02,473,0,523,312,576,48,92,1891.0,-0.7560358461076716,51.24914515172217
5646,23.366,480,72,596,319,649,121,165,1891.0,-0.754698912692804,51.24914515172217
5647,9.848,344,434,790,473,944,382,345,1891.0,-0.7533619792779365,51.24914515172218
5648,0.065,27,592,782,424,1036,441,323,1891.0,-0.7520250458630687,51.24914515172218
5649,0.447,216,588,608,437,1050,454,336,1891.0,-0.7506881124482009,51.24914515172217
5650,1.554,318,539,545,477,1152,553,438,1891.0,-0.7493511790333331,51.249145151722175
5651,2.72,371,486,492,442,1169,540,491,1891.0,-0.7480142456184656,51.24914515172218
5652,0.511,427,383,390,340,1067,438,610,1891.0,-0.7466773122035979,51.249145151722175
5653,42.182,533,248,254,213,931,310,615,1891.0,-0.7453403787887303,51.24914515172218
5654,15.373,448,156,225,73,653,171,791,1891.0,-0.7426665119589948,51.24914515172218
5655,49.012,550,272,314,200,742,282,912,1891.0,-0.7413295785441272,51.24914515172217
5656,13.519,594,323,362,249,791,331,961,1891.0,-0.7399926451292594,51.24914515172217
5657,16.526,628,425,462,348,890,439,1060,1891.0,-0.7386557117143918,51.249145151722175
5658,10.243,518,538,575,462,1003,430,1167,1891.0,-0.7373187782995241,51.249145151722175
5659,20.115,414,622,658,545,1087,365,1085,1891.0,-0.7359818448846566,51.24914515172217
5660,0.071,407,629,666,553,1094,372,1077,1891.0,-0.7346449114697887,51.24914515172218
5661,0.0,190,661,980,894,1164,425,860,1891.0,-0.7333079780549211,51.249145151722175
5662,0.057,190,661,980,894,1164,425,860,1891.0,-0.7319710446400535,51.24914515172218
5663,20.708,289,374,725,549,1335,446,605,1891.0,-0.7292971778103181,51.249145151722175
5664,3.582,407,281,573,380,1182,294,513,1891.0,-0.7279602443954504,51.24914515172217
5665,30.171,784,484,826,248,1222,333,890,1891.0,-0.7266233109805829,51.24914515172218
5666,76.224,849,549,785,206,1287,398,892,1891.0,-0.7252863775657149,51.24914515172218
5667,74.275,747,446,700,239,1184,296,852,1891.0,-0.7239494441508475,51.24914515172218
5668,65.878,855,434,591,131,1293,333,816,1891.0,-0.7226125107359798,51.24914515172218
5669,49.467,909,343,500,274,1270,242,959,1891.0,-0.721275577321112,51.24914515172217
5670,48.472,782,217,374,348,1230,116,1033,1891.0,-0.7199386439062443,51.24914515172218
5671,45.747,686,120,270,462,1122,15,972,1891.0,-0.7186017104913768,51.24914515172218
5672,33.279,769,28,185,559,1162,95,1055,1891.0,-0.7172647770765089,51.249145151722175
5673,10.002,853,94,179,662,1156,179,1157,1891.0,-0.7159278436616413,51.24914515172218
5674,20.766,995,228,433,887,1411,184,1382,1891.0,-0.7145909102467736,51.249145151722175
5675,24.97,907,144,349,799,1327,90,1292,1891.0,-0.713253976831906,51.24914515172217
5676,3.439,994,242,448,901,1365,18,1392,1891.0,-0.7119170434170382,51.24914515172218
5677,24.279,1081,333,538,992,1300,81,1485,1891.0,-0.7105801100021706,51.249145151722175
5678,0.0,1429,1193,896,1045,1217,1192,1077,1891.0,-0.788111807325392,51.24818084140818
5679,1.132,1429,1193,896,1045,1217,1192,1077,1891.0,-0.7867748916217017,51.24818084140817
5680,0.261,1138,893,586,557,1327,946,588,1891.0,-0.7841010602143212,51.24818084140818
5681,0.218,1056,811,442,413,1184,864,445,1891.0,-0.7827641445106309,51.248180841408185
5682,5.646,963,722,417,387,1114,771,419,1891.0,-0.7814272288069408,51.24818084140818
5683,67.02,867,842,174,281,1025,971,312,1891.0,-0.7800903131032506,51.24818084140818
5684,104.347,755,869,263,310,953,870,342,1891.0,-0.7787533973995603,51.24818084140817
5685,137.199,645,789,160,360,842,760,446,1891.0,-0.7774164816958702,51.24818084140818
5686,119.415,572,685,120,256,750,687,370,1891.0,-0.7760795659921798,51.24818084140818
5687,81.332,487,615,68,185,684,602,315,1891.0,-0.7747426502884895,51.24818084140818
5688,135.782,418,511,221,289,594,533,218,1891.0,-0.7734057345847993,51.24818084140818
5689,104.511,279,237,134,299,349,315,70,1891.0,-0.772068818881109,51.24818084140817
5690,93.85,219,158,78,245,270,234,98,1891.0,-0.7707319031774188,51.24818084140817
5691,122.958,237,88,226,160,164,122,88,1891.0,-0.7693949874737286,51.24818084140817
5692,42.507,185,34,242,86,94,46,83,1891.0,-0.7680580717700385,51.24818084140817
5693,45.76,216,156,319,130,45,119,165,1891.0,-0.7667211560663484,51.24818084140818
5694,70.948,277,242,437,80,111,78,64,1891.0,-0.765384240362658,51.24818084140818
5695,88.344,401,233,497,32,3,126,32,1891.0,-0.7640473246589677,51.248180841408185
5696,106.624,484,234,535,0,148,90,178,1891.0,-0.7627104089552774,51.24818084140817
5697,112.163,545,26,364,171,174,54,174,1891.0,-0.7613734932515872,51.24818084140818
5698,185.54,600,71,446,173,272,43,228,1891.0,-0.7600365775478971,51.248180841408185
5699,6.044,499,130,515,285,374,144,122,1891.0,-0.7586996618442067,51.248180841408185
5700,10.485,430,145,571,268,463,145,172,1891.0,-0.7573627461405164,51.24818084140817
5701,15.476,372,95,595,211,522,95,139,1891.0,-0.7560258304368265,51.24818084140817
5702,4.768,480,72,596,319,649,121,165,1891.0,-0.7546889147331359,51.24818084140818
5703,6.459,64,374,757,276,817,222,209,1891.0,-0.753351999029446,51.248180841408185
5704,18.253,90,478,667,309,921,326,208,1891.0,-0.7520150833257557,51.24818084140817
5705,62.886,125,515,700,346,958,363,245,1891.0,-0.7506781676220654,51.24818084140818
5706,30.804,310,509,515,465,1143,535,430,1891.0,-0.7493412519183751,51.24818084140818
5707,37.17,550,363,369,296,1071,526,416,1891.0,-0.7480043362146849,51.24818084140817
5708,72.442,495,308,314,241,1016,471,360,1891.0,-0.7466674205109948,51.24818084140818
5709,75.848,655,71,77,280,778,393,521,1891.0,-0.7453305048073045,51.24818084140817
5710,23.442,674,148,0,299,701,396,598,1891.0,-0.7439935891036142,51.24818084140818
5711,20.103,628,190,45,253,655,351,644,1891.0,-0.7426566733999241,51.24818084140818
5712,12.269,627,97,226,252,562,350,825,1891.0,-0.7413197576962338,51.248180841408185
5713,16.926,670,121,269,295,586,393,868,1891.0,-0.7399828419925435,51.24818084140818
5714,10.085,784,220,383,409,685,507,981,1891.0,-0.7386459262888533,51.24818084140817
5715,3.819,876,305,475,501,770,599,1074,1891.0,-0.7373090105851632,51.24818084140818
5716,0.179,272,743,803,690,1040,509,942,1891.0,-0.7359720948814729,51.24818084140818
5717,0.0,271,742,802,689,1039,508,941,1891.0,-0.7346351791777826,51.24818084140818
5718,0.599,103,574,893,831,1026,572,773,1891.0,-0.7332982634740924,51.24818084140818
5719,0.017,0,471,790,770,1129,616,670,1891.0,-0.731961347770402,51.24818084140818
5720,13.221,107,371,686,670,1237,601,566,1891.0,-0.7306244320667119,51.24818084140818
5721,33.228,229,278,629,577,1359,508,509,1891.0,-0.7292875163630219,51.248180841408185
5722,33.952,405,254,523,433,1258,330,567,1891.0,-0.7279506006593316,51.24818084140818
5723,35.67,784,484,826,248,1222,333,890,1891.0,-0.7266136849556412,51.24818084140818
5724,64.198,849,549,762,183,1287,398,868,1891.0,-0.725276769251951,51.24818084140817
5725,88.259,809,447,578,0,1424,355,685,1891.0,-0.7239398535482607,51.24818084140817
5726,60.605,861,499,631,52,1371,407,737,1891.0,-0.7226029378445705,51.24818084140817
5727,67.275,910,344,501,221,1290,243,906,1891.0,-0.7212660221408804,51.24818084140818
5728,64.451,642,320,485,273,1354,232,855,1891.0,-0.71992910643719,51.24818084140818
5729,30.948,546,224,389,369,1258,136,832,1891.0,-0.7185921907334999,51.24818084140818
5730,13.845,771,0,191,565,1169,109,1056,1891.0,-0.7172552750298096,51.24818084140817
5731,28.976,670,186,355,733,1333,66,1138,1891.0,-0.7159183593261195,51.24818084140817
5732,48.902,1181,429,635,1088,1569,153,1579,1891.0,-0.714581443622429,51.24818084140817
5733,62.785,1082,330,536,989,1469,54,1480,1891.0,-0.7132445279187389,51.24818084140818
5734,10.542,1089,337,543,996,1467,98,1487,1891.0,-0.7119076122150486,51.24818084140818
5735,0.022,1405,1204,872,1021,1192,1168,1053,1891.0,-0.788101367175119,51.24721653853995
5736,1.161,1429,1193,896,1045,1217,1192,1077,1891.0,-0.7867644691816075,51.247216538539966
5737,0.0,1214,1023,592,555,1002,1075,586,1891.0,-0.7854275711880958,51.247216538539966
5738,0.0,1214,1023,592,555,1002,1075,586,1891.0,-0.7840906731945841,51.247216538539966
5739,3.592,1062,820,385,343,1098,870,375,1891.0,-0.7827537752010724,51.24721653853996
5740,48.707,1026,803,349,312,1092,851,344,1891.0,-0.7814168772075607,51.247216538539966
5741,58.01,942,779,272,218,998,943,249,1891.0,-0.780079979214049,51.24721653853995
5742,58.143,821,661,370,99,884,850,131,1891.0,-0.7787430812205376,51.24721653853996
5743,76.025,734,561,358,0,785,750,31,1891.0,-0.7774061832270259,51.24721653853995
5744,104.511,596,528,220,32,667,632,180,1891.0,-0.7760692852335143,51.247216538539966
5745,100.386,574,594,155,98,732,689,234,1891.0,-0.7747323872400025,51.247216538539966
5746,92.479,427,382,279,168,494,460,110,1891.0,-0.7733954892464909,51.24721653853996
5747,101.867,364,303,200,273,415,380,31,1891.0,-0.7720585912529794,51.247216538539966
5748,77.496,142,230,22,332,342,266,178,1891.0,-0.7707216932594675,51.247216538539966
5749,37.986,68,195,132,358,315,195,288,1891.0,-0.769384795265956,51.247216538539966
5750,38.894,69,200,171,321,278,140,317,1891.0,-0.7680478972724443,51.24721653853996
5751,185.332,161,175,284,211,168,24,214,1891.0,-0.7667109992789327,51.247216538539966
5752,279.442,304,115,425,230,215,150,245,1891.0,-0.7653741012854209,51.24721653853996
5753,69.335,447,274,568,126,111,181,141,1891.0,-0.7640372032919093,51.24721653853995
5754,149.926,465,228,529,33,129,83,159,1891.0,-0.7627003052983977,51.24721653853995
5755,94.653,624,155,531,33,289,36,318,1891.0,-0.7613634073048862,51.247216538539966
5756,22.784,647,133,549,70,316,61,338,1891.0,-0.7600265093113744,51.247216538539966
5757,7.686,567,42,593,197,419,180,214,1891.0,-0.7586896113178628,51.247216538539966
5758,31.816,449,142,623,288,496,197,224,1891.0,-0.7573527133243512,51.247216538539966
5759,72.001,285,199,699,123,643,59,243,1891.0,-0.7560158153308394,51.247216538539966
5760,16.977,218,238,737,93,681,55,281,1891.0,-0.7546789173373278,51.247216538539966
5761,34.722,100,438,726,173,881,238,225,1891.0,-0.7533420193438162,51.24721653853995
5762,84.747,12,437,697,257,881,286,132,1891.0,-0.7520051213503046,51.24721653853995
5763,74.597,142,447,566,237,1005,416,24,1891.0,-0.750668223356793,51.247216538539966
5764,111.714,288,295,444,86,922,523,154,1891.0,-0.7493313253632811,51.24721653853996
5765,98.24,374,209,357,0,835,609,240,1891.0,-0.7479944273697696,51.247216538539966
5766,91.416,469,271,405,94,800,704,335,1891.0,-0.746657529376258,51.247216538539966
5767,106.25,584,0,148,209,850,464,450,1891.0,-0.7453206313827464,51.247216538539966
5768,136.75,754,211,172,379,745,481,626,1891.0,-0.7439837333892346,51.24721653853996
5769,118.842,719,278,136,344,746,442,694,1891.0,-0.7426468353957231,51.24721653853995
5770,12.421,663,75,262,288,515,386,811,1891.0,-0.7413099374022112,51.247216538539966
5771,13.71,704,85,303,329,549,427,854,1891.0,-0.7399730394086996,51.24721653853995
5772,11.536,881,244,480,506,709,604,1013,1891.0,-0.7386361414151881,51.247216538539966
5773,7.586,941,304,516,565,745,663,1049,1891.0,-0.7372992434216762,51.24721653853995
5774,2.295,263,734,944,753,866,681,933,1891.0,-0.7346254474346529,51.24721653853995
5775,0.0,137,608,927,823,992,597,807,1891.0,-0.7332885494411414,51.24721653853996
5776,0.217,0,471,790,770,1129,616,670,1891.0,-0.7319516514476297,51.247216538539966
5777,1.386,110,377,679,671,1240,601,559,1891.0,-0.7306147534541181,51.247216538539966
5778,23.049,450,20,451,534,1257,373,331,1891.0,-0.7292778554606064,51.247216538539966
5779,34.702,416,65,405,489,1212,327,285,1891.0,-0.7279409574670948,51.24721653853996
5780,76.915,645,75,318,125,1372,125,424,1891.0,-0.7266040594735831,51.24721653853995
5781,39.695,645,75,318,125,1372,125,424,1891.0,-0.7252671614800715,51.247216538539966
5782,76.001,682,320,451,121,1475,227,558,1891.0,-0.7239302634865598,51.24721653853995
5783,66.346,753,422,553,181,1546,254,660,1891.0,-0.7225933654930482,51.24721653853996
5784,67.312,574,393,525,256,1459,0,631,1891.0,-0.7212564674995364,51.24721653853996
5785,37.028,460,311,476,370,1345,113,745,1891.0,-0.7199195695060249,51.247216538539966
5786,24.907,460,311,476,393,1345,137,769,1891.0,-0.7185826715125132,51.247216538539966
5787,34.665,516,482,651,609,1584,70,984,1891.0,-0.7172457735190015,51.247216538539966
5788,41.006,582,275,443,674,1421,119,1050,1891.0,-0.71590887552549,51.247216538539966
5789,25.099,1248,496,702,1155,1626,238,1646,1891.0,-0.7145719775319783,51.247216538539966
5790,20.139,998,508,714,1123,1638,288,1514,1891.0,-0.7132350795384664,51.24721653853996
5791,3.548,952,462,668,1077,1592,242,1468,1891.0,-0.7118981815449549,51.247216538539966
5792,0.239,1278,1077,745,894,1065,1041,926,1891.0,-0.7880909276136293,51.24625224311715
5793,0.0,1214,1023,592,555,1002,1075,586,1891.0,-0.7854171670449654,51.246252243117134
5794,1.038,1128,991,557,454,918,1004,485,1891.0,-0.7840802867606337,51.24625224311714
5795,28.942,1150,957,537,439,949,1018,470,1891.0,-0.7827434064763019,51.24625224311714
5796,48.678,1042,869,623,308,1057,1059,339,1891.0,-0.7814065261919699,51.24625224311715
5797,73.085,985,812,566,251,1036,1002,282,1891.0,-0.7800696459076382,51.24625224311715
5798,81.896,863,627,487,129,914,880,97,1891.0,-0.7787327656233063,51.24625224311715
5799,37.079,765,529,389,31,816,782,0,1891.0,-0.7773958853389744,51.24625224311715
5800,79.007,635,442,306,52,686,652,235,1891.0,-0.7760590050546428,51.24625224311714
5801,94.586,503,414,400,200,720,630,365,1891.0,-0.7747221247703108,51.24625224311715
5802,74.537,361,438,258,247,556,487,182,1891.0,-0.773385244485979,51.24625224311714
5803,88.027,236,341,133,372,453,363,200,1891.0,-0.772048364201647,51.24625224311714
5804,69.717,219,269,116,426,436,346,273,1891.0,-0.7707114839173151,51.24625224311714
5805,140.787,153,163,222,431,388,280,378,1891.0,-0.7693746036329833,51.24625224311715
5806,63.814,252,64,321,370,327,239,373,1891.0,-0.7680377233486514,51.24625224311715
5807,74.777,255,0,324,306,263,175,308,1891.0,-0.7667008430643196,51.24625224311714
5808,73.358,369,169,489,311,293,215,326,1891.0,-0.7653639627799876,51.24625224311715
5809,251.865,496,292,616,242,236,165,265,1891.0,-0.7640270824956558,51.24625224311715
5810,347.605,647,315,616,224,339,59,369,1891.0,-0.7626902022113239,51.24625224311714
5811,142.365,678,212,585,86,342,25,372,1891.0,-0.7613533219269922,51.24625224311714
5812,89.849,686,197,604,105,362,21,391,1891.0,-0.7600164416426602,51.24625224311715
5813,110.481,616,280,698,149,456,13,485,1891.0,-0.7586795613583285,51.24625224311715
5814,126.965,391,317,809,167,738,117,361,1891.0,-0.7573426810739966,51.24625224311714
5815,87.362,344,270,769,134,711,70,313,1891.0,-0.7560058007896648,51.24625224311715
5816,110.681,295,334,672,70,778,134,309,1891.0,-0.754668920505333,51.24625224311715
5817,129.803,199,443,631,179,887,244,294,1891.0,-0.753332040221001,51.24625224311714
5818,84.571,297,499,504,182,944,369,152,1891.0,-0.7519951599366694,51.24625224311714
5819,114.278,251,452,457,229,897,415,106,1891.0,-0.7506582796523373,51.24625224311715
5820,97.61,348,355,400,145,840,507,203,1891.0,-0.7493213993680052,51.246252243117134
5821,81.157,391,209,357,16,835,613,256,1891.0,-0.7479845190836737,51.24625224311715
5822,117.395,469,271,405,94,800,704,335,1891.0,-0.7466476387993418,51.24625224311715
5823,101.469,642,225,232,267,627,548,508,1891.0,-0.7453107585150098,51.24625224311715
5824,56.851,657,228,247,282,612,562,523,1891.0,-0.7439738782306782,51.24625224311715
5825,59.672,869,232,457,494,392,592,789,1891.0,-0.7426369979463462,51.24625224311715
5826,30.301,762,125,361,387,339,485,735,1891.0,-0.7413001176620142,51.24625224311714
5827,14.357,1326,501,240,593,421,605,818,1891.0,-0.7386263570933507,51.24625224311715
5828,10.681,1449,624,364,716,545,729,941,1891.0,-0.7372894768090189,51.24625224311715
5829,0.0,747,791,926,653,848,598,933,1891.0,-0.734615716240355,51.24625224311715
5830,122.771,555,503,429,489,1080,351,308,1891.0,-0.7306050753873594,51.24625224311715
5831,64.092,488,117,386,469,1193,308,266,1891.0,-0.7292681951030276,51.24625224311715
5832,32.808,665,190,358,240,1165,240,238,1891.0,-0.7279313148186956,51.24625224311714
5833,51.248,724,101,344,151,1254,151,327,1891.0,-0.7265944345343639,51.24625224311715
5834,58.41,675,52,243,50,1317,38,349,1891.0,-0.7252575542500321,51.24625224311714
5835,84.519,600,132,263,29,1337,37,370,1891.0,-0.7239206739657001,51.24625224311715
5836,32.747,592,245,376,108,1451,148,483,1891.0,-0.7225837936813683,51.24625224311715
5837,42.913,324,517,648,386,1559,260,755,1891.0,-0.7212469133970365,51.24625224311715
5838,53.09,12,729,861,604,1608,433,967,1891.0,-0.7199100331127046,51.24625224311714
5839,49.796,411,377,542,436,1411,115,811,1891.0,-0.7185731528283728,51.24625224311714
5840,45.718,445,411,580,538,1513,0,913,1891.0,-0.7172362725440409,51.24625224311715
5841,37.589,528,411,580,624,1558,85,999,1891.0,-0.7158993922597091,51.24625224311715
5842,12.148,576,456,625,693,1602,154,1068,1891.0,-0.7145625119753772,51.24625224311715
5843,0.007,964,534,740,1105,1664,314,1480,1891.0,-0.7132256316910455,51.24625224311714
5844,0.007,922,492,698,1063,1622,272,1438,1891.0,-0.7118887514067136,51.24625224311714
5845,0.0,1177,976,644,991,965,940,828,1891.0,-0.7880804886408743,51.24528795513937
5846,11.347,1116,997,560,455,909,995,487,1891.0,-0.784069900912422,51.24528795513937
5847,48.428,1040,923,602,950,915,1001,778,1891.0,-0.7827330383362712,51.24528795513936
5848,51.215,1135,962,715,400,1113,1151,432,1891.0,-0.7813961757601205,51.245287955139375
5849,60.253,1052,879,632,317,1102,1068,349,1891.0,-0.7800593131839697,51.24528795513936
5850,45.009,1063,890,644,329,1114,1080,360,1891.0,-0.778722450607819,51.245287955139375
5851,55.452,753,422,650,348,969,879,317,1891.0,-0.777385588031668,51.24528795513936
5852,52.209,648,317,545,243,865,775,212,1891.0,-0.7760487254555173,51.24528795513936
5853,106.695,519,266,405,228,736,646,340,1891.0,-0.7747118628793668,51.24528795513937
5854,63.778,432,343,329,271,648,558,293,1891.0,-0.7733750003032158,51.24528795513936
5855,79.479,411,299,308,529,628,538,375,1891.0,-0.7720381377270652,51.245287955139375
5856,46.835,579,381,648,852,809,706,575,1891.0,-0.7707012751509145,51.24528795513936
5857,84.135,490,422,559,763,721,617,490,1891.0,-0.7693644125747637,51.24528795513936
5858,77.121,349,225,418,531,488,400,464,1891.0,-0.768027549998613,51.24528795513936
5859,70.552,387,147,456,445,410,322,419,1891.0,-0.766690687422462,51.24528795513936
5860,67.688,489,284,608,414,394,300,323,1891.0,-0.7653538248463114,51.245287955139375
5861,72.7,561,356,680,334,329,194,358,1891.0,-0.7640169622701606,51.24528795513936
5862,168.721,640,371,672,280,395,115,425,1891.0,-0.7626800996940098,51.24528795513936
5863,52.936,545,297,733,231,692,249,377,1891.0,-0.7613432371178591,51.245287955139375
5864,61.525,526,278,713,211,672,229,357,1891.0,-0.7600063745417084,51.24528795513936
5865,71.618,502,387,751,36,569,126,477,1891.0,-0.7586695119655577,51.24528795513936
5866,51.45,466,417,726,0,606,162,496,1891.0,-0.7573326493894067,51.24528795513936
5867,36.988,385,391,731,140,789,191,384,1891.0,-0.7559957868132562,51.245287955139375
5868,30.89,278,399,633,135,843,162,278,1891.0,-0.7546589242371052,51.24528795513936
5869,104.367,342,492,600,180,936,293,307,1891.0,-0.7533220616609547,51.245287955139375
5870,91.917,259,518,492,132,941,323,169,1891.0,-0.7519851990848037,51.245287955139375
5871,63.206,294,408,414,199,854,459,149,1891.0,-0.7506483365086529,51.24528795513936
5872,92.714,388,436,344,227,765,452,243,1891.0,-0.7493114739325022,51.24528795513936
5873,108.84,719,558,597,349,674,677,574,1891.0,-0.7479746113563515,51.24528795513936
5874,59.112,625,459,535,250,613,616,490,1891.0,-0.7466377487802008,51.245287955139375
5875,60.189,742,458,390,367,468,471,506,1891.0,-0.7453008862040499,51.24528795513936
5876,54.02,742,458,390,367,468,471,506,1891.0,-0.7439640236278993,51.24528795513937
5877,50.366,941,304,406,501,342,543,618,1891.0,-0.7426271610517483,51.24528795513936
5878,30.515,851,213,315,422,251,452,647,1891.0,-0.7412902984755978,51.24528795513936
5879,13.369,943,305,311,418,247,448,643,1891.0,-0.739953435899447,51.24528795513936
5880,16.636,1308,483,223,575,404,587,800,1891.0,-0.7386165733232962,51.245287955139375
5881,16.099,1318,537,195,534,457,519,798,1891.0,-0.7372797107471453,51.24528795513936
5882,11.151,647,624,550,235,826,273,430,1891.0,-0.7346059855948439,51.24528795513936
5883,38.72,647,624,550,235,826,273,430,1891.0,-0.733269123018693,51.24528795513936
5884,67.488,412,451,377,368,959,299,257,1891.0,-0.7319322604425422,51.24528795513936
5885,96.52,470,410,336,390,980,258,216,1891.0,-0.7305953978663915,51.24528795513936
5886,20.336,578,243,228,359,1035,150,108,1891.0,-0.7292585352902409,51.24528795513936
5887,30.183,789,254,19,192,1087,77,119,1891.0,-0.7279216727140899,51.245287955139375
5888,32.686,796,202,51,141,1131,118,163,1891.0,-0.7265848101379393,51.24528795513936
5889,31.789,650,79,211,18,1285,4,317,1891.0,-0.7252479475617886,51.24528795513936
5890,150.146,470,271,402,134,1459,179,509,1891.0,-0.7239110849856377,51.24528795513937
5891,41.102,390,438,569,307,1462,352,676,1891.0,-0.722574222409487,51.245287955139375
5892,43.35,93,623,754,498,1501,461,861,1891.0,-0.7212373598333361,51.245287955139375
5893,41.671,106,649,784,539,1542,357,902,1891.0,-0.7199004972571854,51.24528795513936
5894,51.93,151,619,784,587,1590,294,950,1891.0,-0.7185636346810347,51.24528795513936
5895,53.484,268,527,692,586,1562,202,962,1891.0,-0.7172267721048838,51.24528795513936
5896,51.363,457,631,800,775,1741,312,1151,1891.0,-0.7158899095287332,51.245287955139375
5897,18.697,773,677,846,913,1823,375,1289,1891.0,-0.7145530469525825,51.245287955139375
5898,3.63,733,637,806,874,1783,335,1249,1891.0,-0.7132161843764316,51.245287955139375
5899,1.548,1310,1214,1383,1450,1982,912,1826,1891.0,-0.7105424592241301,51.245287955139375
5900,4.877,1310,1214,1383,1450,1982,912,1826,1891.0,-0.7092055966479793,51.24528795513936
5901,0.0,1018,817,485,832,805,781,669,1891.0,-0.7880700502568061,51.244323674606285
5902,63.622,880,925,441,790,755,841,618,1891.0,-0.7840595156499011,51.24432367460629
5903,83.55,961,844,523,871,836,922,699,1891.0,-0.7827226707809327,51.24432367460628
5904,42.385,1146,973,727,412,1125,1163,443,1891.0,-0.7813858259119644,51.24432367460629
5905,62.211,1087,641,726,852,1039,1125,886,1891.0,-0.7800489810429962,51.24432367460629
5906,49.874,1153,707,792,918,1105,1191,952,1891.0,-0.7787121361740281,51.24432367460628
5907,38.33,753,422,650,348,969,879,317,1891.0,-0.7773752913050597,51.244323674606285
5908,42.671,742,411,639,338,959,869,306,1891.0,-0.7760384464360915,51.24432367460628
5909,34.645,570,182,467,312,787,697,347,1891.0,-0.7747016015671232,51.24432367460629
5910,21.857,547,164,444,394,764,674,428,1891.0,-0.7733647566981551,51.24432367460629
5911,108.83,480,330,377,560,697,607,444,1891.0,-0.7720279118291865,51.24432367460628
5912,59.105,579,381,648,852,809,706,575,1891.0,-0.770691066960218,51.24432367460628
5913,97.66,490,337,559,763,721,617,490,1891.0,-0.7693542220912499,51.244323674606285
5914,77.599,388,355,457,661,618,515,388,1891.0,-0.7680173772222817,51.24432367460628
5915,91.579,669,323,574,722,702,614,253,1891.0,-0.7666805323533132,51.244323674606285
5916,54.301,628,282,533,680,660,572,211,1891.0,-0.7653436874843453,51.24432367460629
5917,188.086,715,510,834,478,483,313,512,1891.0,-0.7640068426153768,51.24432367460628
5918,38.328,642,261,547,415,755,380,168,1891.0,-0.7626699977464084,51.24432367460628
5919,83.406,469,198,610,242,737,294,254,1891.0,-0.7613331528774402,51.24432367460628
5920,110.468,346,297,606,119,726,282,377,1891.0,-0.759996308008472,51.24432367460628
5921,53.707,301,335,561,179,785,342,436,1891.0,-0.7586594631395037,51.244323674606285
5922,0.764,336,403,596,275,983,309,433,1891.0,-0.7573226182705353,51.24432367460628
5923,1.816,348,422,614,256,964,290,415,1891.0,-0.7559857734015671,51.244323674606285
5924,1.094,155,484,621,220,938,77,190,1891.0,-0.7546489285325987,51.244323674606285
5925,47.743,96,427,498,51,936,124,103,1891.0,-0.7533120836636306,51.24432367460629
5926,133.572,164,495,382,113,840,219,129,1891.0,-0.7519752387946621,51.24432367460628
5927,50.287,252,560,304,183,762,270,217,1891.0,-0.750638393925694,51.24432367460629
5928,91.357,340,522,194,271,652,301,305,1891.0,-0.7493015490567257,51.24432367460629
5929,50.758,597,520,474,311,552,554,452,1891.0,-0.7466278593187891,51.24432367460628
5930,47.25,683,455,388,397,465,468,503,1891.0,-0.7452910144498208,51.24432367460629
5931,162.201,763,381,313,333,391,393,429,1891.0,-0.7439541695808527,51.24432367460629
5932,52.864,924,427,389,409,465,469,505,1891.0,-0.7426173247118842,51.24432367460629
5933,39.253,971,210,195,302,130,332,527,1891.0,-0.7412804798429158,51.244323674606285
5934,23.652,1073,248,108,340,169,370,565,1891.0,-0.7399436349739477,51.24432367460629
5935,18.62,1160,335,54,422,256,437,652,1891.0,-0.7386067901049793,51.244323674606285
5936,4.634,1182,401,59,398,321,383,662,1891.0,-0.737269945236011,51.244323674606285
5937,35.628,664,641,567,116,707,154,447,1891.0,-0.7345962554980746,51.244323674606285
5938,63.9,533,511,437,247,838,284,316,1891.0,-0.7332594106291063,51.24432367460628
5939,51.619,533,511,437,247,838,284,316,1891.0,-0.7319225657601379,51.24432367460629
5940,104.855,862,544,353,314,905,275,236,1891.0,-0.7305857208911697,51.244323674606285
5941,47.957,681,359,153,328,942,75,36,1891.0,-0.7292488760222013,51.24432367460628
5942,80.681,712,322,82,261,1005,4,42,1891.0,-0.7279120311532329,51.24432367460628
5943,19.882,898,304,0,243,1201,192,234,1891.0,-0.7265751862842648,51.24432367460629
5944,11.021,489,228,359,166,1291,166,465,1891.0,-0.7252383414152965,51.24432367460629
5945,116.625,484,232,363,170,1295,170,470,1891.0,-0.7239014965463282,51.244323674606285
5946,33.045,336,380,512,255,1339,300,618,1891.0,-0.72256465167736,51.24432367460628
5947,35.942,173,543,674,418,1421,460,781,1891.0,-0.7212278068083917,51.244323674606285
5948,15.151,167,642,773,517,1520,429,880,1891.0,-0.7198909619394234,51.244323674606285
5949,30.059,351,610,775,669,1562,285,1045,1891.0,-0.7185541170704551,51.24432367460629
5950,34.383,454,713,878,772,1541,388,1148,1891.0,-0.7172172722014867,51.24432367460629
5951,37.36,811,893,1060,1041,1816,579,1416,1891.0,-0.7158804273325183,51.244323674606285
5952,25.75,885,789,958,1026,1936,488,1401,1891.0,-0.7145435824635502,51.24432367460628
5953,3.366,834,738,907,974,1884,436,1350,1891.0,-0.7132067375945818,51.24432367460629
5954,1.626,1310,1214,1383,1450,1982,912,1826,1891.0,-0.7105330478566453,51.24432367460628
5955,0.0,1310,1214,1383,1450,1982,912,1826,1891.0,-0.7091962029876769,51.244323674606285
5956,0.0,920,727,387,731,707,691,571,1891.0,-0.788059612461376,51.243359401517544
5957,0.116,745,811,212,567,532,618,396,1891.0,-0.7867227852985917,51.243359401517544
5958,8.318,727,910,262,612,577,663,441,1891.0,-0.7853859581358075,51.24335940151755
5959,46.834,761,848,323,671,636,722,499,1891.0,-0.7840491309730231,51.243359401517544
5960,41.916,848,760,410,758,723,809,587,1891.0,-0.7827123038102386,51.24335940151755
5961,30.916,996,613,557,824,870,956,734,1891.0,-0.7813754766474543,51.24335940151755
5962,50.1,964,518,653,729,966,1052,763,1891.0,-0.7800386494846698,51.243359401517544
5963,58.806,964,518,653,729,966,1052,763,1891.0,-0.7787018223218857,51.243359401517544
5964,41.296,819,373,716,584,1036,946,618,1891.0,-0.7773649951591015,51.243359401517544
5965,75.806,762,316,659,527,979,889,561,1891.0,-0.7760281679963171,51.24335940151756
5966,43.215,928,482,825,692,1145,1055,727,1891.0,-0.7746913408335325,51.24335940151755
5967,35.202,630,28,579,466,899,809,500,1891.0,-0.7733545136707483,51.243359401517544
5968,17.767,582,18,627,514,947,857,527,1891.0,-0.772017686507964,51.24335940151755
5969,34.6,552,263,604,759,782,678,434,1891.0,-0.7693440321823952,51.243359401517544
5970,31.654,496,349,565,732,689,585,317,1891.0,-0.7680072050196108,51.24335940151755
5971,33.935,581,317,568,699,659,571,247,1891.0,-0.7666703778568265,51.243359401517544
5972,28.511,639,192,443,594,580,492,115,1891.0,-0.7653335506940423,51.24335940151755
5973,20.049,680,95,378,511,665,557,27,1891.0,-0.7639967235312577,51.243359401517544
5974,47.942,582,33,435,407,788,469,144,1891.0,-0.7626598963684734,51.24335940151755
5975,108.614,521,163,531,294,900,457,274,1891.0,-0.761323069205689,51.243359401517544
5976,122.795,316,331,521,278,884,441,477,1891.0,-0.7599862420429047,51.243359401517544
5977,69.852,298,314,504,288,894,451,460,1891.0,-0.7586494148801204,51.243359401517544
5978,9.916,143,211,403,322,887,408,390,1891.0,-0.7573125877173362,51.24335940151755
5979,0.093,0,119,311,280,834,267,246,1891.0,-0.7559757605545517,51.24335940151755
5980,13.036,32,307,438,98,894,83,64,1891.0,-0.7533021062289827,51.243359401517544
5981,121.788,116,367,464,115,803,123,81,1891.0,-0.7519652790661985,51.243359401517544
5982,99.586,142,404,447,142,738,82,108,1891.0,-0.7506284519034144,51.24335940151755
5983,94.662,393,469,240,324,671,248,358,1891.0,-0.7492916247406299,51.24335940151755
5984,74.144,432,334,266,295,536,113,246,1891.0,-0.7479547975778456,51.243359401517544
5985,93.391,534,334,0,286,458,152,425,1891.0,-0.7466179704150614,51.24335940151755
5986,96.066,636,232,101,184,356,182,375,1891.0,-0.7452811432522768,51.243359401517544
5987,33.577,761,294,227,246,304,307,342,1891.0,-0.7439443160894925,51.24335940151755
5988,141.442,927,174,402,184,174,237,265,1891.0,-0.7426074889267079,51.243359401517544
5989,37.604,1062,79,262,171,0,201,396,1891.0,-0.7412706617639238,51.243359401517544
5990,14.071,1124,141,483,119,141,193,458,1891.0,-0.7399338346011394,51.243359401517544
5991,19.638,1119,430,88,335,351,320,599,1891.0,-0.738597007438355,51.243359401517544
5992,5.819,1119,430,88,335,351,320,599,1891.0,-0.7372601802755708,51.243359401517544
5993,13.838,866,484,543,188,465,151,568,1891.0,-0.7359233531127864,51.243359401517544
5994,69.678,829,582,545,48,564,0,428,1891.0,-0.7345865259500022,51.243359401517544
5995,35.58,791,618,487,9,600,46,370,1891.0,-0.7332496987872177,51.243359401517544
5996,63.556,887,568,377,119,709,156,261,1891.0,-0.7319128716244333,51.24335940151755
5997,57.015,810,491,272,452,917,124,162,1891.0,-0.730576044461649,51.243359401517544
5998,36.718,760,440,213,392,883,68,106,1891.0,-0.7292392172988645,51.243359401517544
5999,77.342,853,534,302,482,973,151,200,1891.0,-0.7279023901360803,51.24335940151755
6000,13.191,688,611,640,550,1024,370,537,1891.0,-0.7265655629732958,51.243359401517544
6001,35.464,440,398,529,336,1188,336,636,1891.0,-0.7238919086477271,51.243359401517544
6002,19.04,338,463,594,338,1256,383,701,1891.0,-0.7225550814849427,51.243359401517544
6003,6.945,290,511,642,386,1305,431,749,1891.0,-0.7212182543221585,51.24335940151755
6004,53.883,582,841,1006,900,1331,516,1276,1891.0,-0.7185445999965898,51.24335940151755
6005,45.616,504,763,928,822,1461,437,1197,1891.0,-0.7172077728338053,51.243359401517544
6006,22.842,589,848,1013,907,1427,523,1283,1891.0,-0.715870945671021,51.243359401517544
6007,6.813,935,839,1007,1075,1985,537,1451,1891.0,-0.7145341185082368,51.243359401517544
6008,8.301,887,791,960,1027,1937,489,1403,1891.0,-0.7131972913454523,51.24335940151755
6009,5.0,1117,1021,1190,1258,1790,719,1633,1891.0,-0.7105236370198835,51.243359401517544
6010,6.343,1214,1118,1287,1355,1887,817,1730,1891.0,-0.7091868098570993,51.243359401517544
6011,0.0,1516,1469,1488,926,2494,2408,1572,1891.0,-0.814785364406514,51.242395135872776
6012,0.0,1312,1358,1377,816,2246,2160,1461,1891.0,-0.8134485549489152,51.24239513587277
6013,0.0,1281,1461,1443,919,2214,2128,1564,1891.0,-0.8121117454913162,51.24239513587277
6014,0.0,1082,1358,1244,1000,2015,1929,1559,1891.0,-0.8094381265761182,51.242395135872755
6015,0.0,922,1198,1084,985,1855,1769,1335,1891.0,-0.8081013171185194,51.24239513587277
6016,0.0,902,1179,1065,1043,1835,1749,1379,1891.0,-0.8067645076609204,51.24239513587277
6017,0.0,871,1148,1034,1018,1772,1686,1349,1891.0,-0.8054276982033217,51.24239513587277
6018,0.0,998,1239,1160,1144,1608,1522,1233,1891.0,-0.8040908887457229,51.242395135872776
6019,0.0,1049,1188,1211,1170,1557,1471,1182,1891.0,-0.8027540792881241,51.24239513587277
6020,0.0,741,883,957,831,1253,1167,878,1891.0,-0.8000804603729261,51.24239513587277
6021,0.0,730,832,946,820,1201,1115,826,1891.0,-0.7987436509153273,51.242395135872755
6022,0.0,694,720,931,783,1089,1003,714,1891.0,-0.7974068414577286,51.24239513587277
6023,0.0,824,796,1006,913,1135,1049,791,1891.0,-0.7960700320001295,51.242395135872776
6024,0.0,817,790,1000,907,1128,1042,784,1891.0,-0.7947332225425309,51.24239513587277
6025,0.0,755,690,794,894,1028,942,684,1891.0,-0.793396413084932,51.24239513587277
6026,0.0,824,758,647,957,968,906,753,1891.0,-0.792059603627333,51.24239513587277
6027,0.0,841,775,630,941,951,890,769,1891.0,-0.7907227941697341,51.242395135872776
6028,0.372,979,754,459,769,779,718,643,1891.0,-0.7893859847121353,51.24239513587277
6029,26.388,686,828,25,509,474,560,337,1891.0,-0.7880491752545363,51.24239513587277
6030,0.007,706,857,173,529,494,580,357,1891.0,-0.7867123657969374,51.242395135872776
6031,0.372,714,922,248,586,551,637,414,1891.0,-0.7853755563393385,51.242395135872776
6032,30.44,772,906,397,682,647,733,511,1891.0,-0.7840387468817397,51.242395135872755
6033,92.476,1266,884,828,1095,1141,1227,1004,1891.0,-0.782701937424141,51.24239513587277
6034,81.938,1083,700,644,911,957,1043,821,1891.0,-0.7813651279665419,51.24239513587277
6035,61.222,1119,673,734,884,1047,1133,910,1891.0,-0.780028318508943,51.24239513587277
6036,33.455,1061,615,862,826,1175,1188,860,1891.0,-0.7786915090513441,51.24239513587276
6037,25.778,972,526,869,736,1189,1099,771,1891.0,-0.7773546995937455,51.242395135872776
6038,53.066,857,410,754,621,1073,983,656,1891.0,-0.7760178901361465,51.24239513587277
6039,46.735,870,424,767,635,1087,997,669,1891.0,-0.7746810806785476,51.242395135872776
6040,43.825,745,177,711,598,1031,941,498,1891.0,-0.7733442712209487,51.24239513587277
6041,26.403,453,147,755,643,1076,986,415,1891.0,-0.7720074617633499,51.242395135872776
6042,32.853,766,478,598,973,997,893,564,1891.0,-0.770670652305751,51.242395135872776
6043,28.671,677,388,532,884,907,804,498,1891.0,-0.7693338428481521,51.242395135872755
6044,38.108,611,430,397,847,849,761,363,1891.0,-0.7679970333905533,51.24239513587276
6045,46.341,609,363,614,762,742,654,293,1891.0,-0.7666602239329543,51.24239513587277
6046,2.705,492,310,277,727,730,642,243,1891.0,-0.7653234144753556,51.24239513587277
6047,49.994,638,190,249,584,771,659,128,1891.0,-0.7639866050177566,51.24239513587277
6048,97.544,624,105,329,479,860,574,216,1891.0,-0.7626497955601578,51.24239513587277
6049,53.12,481,104,472,336,858,499,215,1891.0,-0.7613129861025587,51.242395135872776
6050,115.955,404,181,491,409,935,572,292,1891.0,-0.7599761766449599,51.242395135872776
6051,66.854,245,254,444,347,936,507,456,1891.0,-0.758639367187361,51.242395135872776
6052,55.057,136,183,373,398,875,404,383,1891.0,-0.7573025577297621,51.24239513587277
6053,17.512,64,122,314,342,837,332,308,1891.0,-0.7559657482721633,51.24239513587276
6054,47.044,201,160,264,240,787,257,206,1891.0,-0.7546289388145646,51.24239513587277
6055,95.313,106,255,358,145,880,162,111,1891.0,-0.7532921293569655,51.24239513587277
6056,52.863,184,425,528,183,710,174,149,1891.0,-0.7519553198993666,51.24239513587277
6057,65.808,265,493,425,264,695,39,27,1891.0,-0.7506185104417678,51.242395135872776
6058,68.326,348,576,508,347,778,122,87,1891.0,-0.7492817009841689,51.242395135872776
6059,80.769,410,312,244,273,514,91,224,1891.0,-0.7479448915265703,51.24239513587277
6060,104.582,496,183,186,144,385,0,280,1891.0,-0.7466080820689712,51.242395135872776
6061,69.257,671,78,256,34,275,102,220,1891.0,-0.7452712726113723,51.24239513587277
6062,34.365,692,99,339,44,196,34,161,1891.0,-0.7439344631537734,51.24239513587276
6063,37.706,772,160,389,29,131,82,115,1891.0,-0.7425976536961746,51.242395135872776
6064,27.538,1051,68,410,68,68,188,385,1891.0,-0.7412608442385757,51.24239513587277
6065,7.583,1055,95,431,22,95,138,385,1891.0,-0.739924034780977,51.24239513587277
6066,21.597,1004,327,203,220,309,205,484,1891.0,-0.7385872253233781,51.24239513587277
6067,9.422,822,384,444,231,366,203,541,1891.0,-0.7372504158657792,51.24239513587277
6068,5.749,891,467,528,164,441,117,544,1891.0,-0.7359136064081804,51.242395135872776
6069,35.383,905,500,562,128,467,91,509,1891.0,-0.7345767969505815,51.24239513587277
6070,40.433,869,696,546,87,678,124,429,1891.0,-0.7332399874929826,51.24239513587277
6071,72.79,1017,699,508,250,840,287,392,1891.0,-0.7319031780353837,51.24239513587277
6072,54.598,947,662,443,622,788,173,332,1891.0,-0.7305663685777848,51.242395135872755
6073,30.546,865,583,357,536,734,87,250,1891.0,-0.7292295591201858,51.24239513587277
6074,33.281,724,648,487,586,871,216,384,1891.0,-0.727892749662587,51.242395135872776
6075,26.806,677,601,534,539,918,263,431,1891.0,-0.726555940204988,51.242395135872755
6076,27.242,849,772,762,711,1097,492,660,1891.0,-0.7252191307473893,51.242395135872776
6077,1.547,480,404,535,342,1194,342,642,1891.0,-0.7238823212897904,51.242395135872755
6078,3.955,626,550,681,489,1151,489,729,1891.0,-0.7225455118321916,51.24239513587277
6079,0.0,1285,1237,1256,695,2318,2232,1340,1891.0,-0.8134377819510625,51.241430877671604
6080,0.0,1269,1315,1334,773,2202,2116,1418,1891.0,-0.8121009901976505,51.2414308776716
6081,0.0,1194,1296,1315,754,2127,2041,1399,1891.0,-0.8107641984442389,51.241430877671604
6082,0.0,874,1115,1036,868,1807,1721,1217,1891.0,-0.8080906149374154,51.2414308776716
6083,0.0,744,1021,906,890,1677,1591,1221,1891.0,-0.8067538231840036,51.241430877671604
6084,0.0,768,1044,910,914,1700,1614,1224,1891.0,-0.8054170314305917,51.241430877671604
6085,0.0,584,888,800,673,1290,1204,915,1891.0,-0.8014066561703564,51.24143087767161
6086,0.0,629,755,846,719,1125,1039,750,1891.0,-0.7987330726635329,51.24143087767161
6087,0.0,628,654,866,718,1024,938,649,1891.0,-0.797396280910121,51.241430877671604
6088,0.0,526,547,764,615,916,830,542,1891.0,-0.7960594891567094,51.24143087767161
6089,0.0,627,562,876,728,900,814,556,1891.0,-0.7947226974032976,51.24143087767161
6090,0.0,643,577,808,781,895,809,571,1891.0,-0.7933859056498858,51.241430877671604
6091,0.0,721,655,725,859,973,887,650,1891.0,-0.792049113896474,51.24143087767161
6092,0.0,842,776,603,913,923,862,771,1891.0,-0.7907123221430621,51.241430877671604
6093,0.163,842,776,603,913,923,862,771,1891.0,-0.7893755303896505,51.24143087767161
6094,5.248,648,815,26,470,435,521,299,1891.0,-0.7880387386362386,51.24143087767161
6095,0.0,604,771,70,426,391,477,254,1891.0,-0.7867019468828269,51.241430877671604
6096,0.0,508,763,372,418,383,469,246,1891.0,-0.7853651551294152,51.24143087767161
6097,0.6,645,899,426,554,519,605,383,1891.0,-0.7840283633760033,51.241430877671604
6098,0.93,1211,857,772,1039,1085,1171,949,1891.0,-0.7826915716225916,51.2414308776716
6099,0.795,1167,785,729,996,1042,1128,905,1891.0,-0.78135477986918,51.24143087767161
6100,0.067,836,795,700,746,711,797,574,1891.0,-0.7800179881157681,51.2414308776716
6101,0.202,1022,576,831,786,1144,1149,821,1891.0,-0.7786811963623563,51.2414308776716
6102,0.106,893,325,859,746,1179,1089,646,1891.0,-0.7760076128555329,51.24143087767161
6103,29.153,876,308,842,729,1162,1072,629,1891.0,-0.774670821102121,51.2414308776716
6104,67.32,665,256,791,678,1111,1021,418,1891.0,-0.7733340293487093,51.24143087767161
6105,29.423,453,147,755,643,1076,986,415,1891.0,-0.7719972375952976,51.241430877671604
6106,35.019,766,478,598,973,997,893,564,1891.0,-0.7706604458418858,51.241430877671604
6107,45.582,733,445,565,940,964,860,531,1891.0,-0.7693236540884738,51.24143087767161
6108,58.447,368,434,153,753,854,766,368,1891.0,-0.7666500705816504,51.24143087767161
6109,4.027,413,410,108,757,899,811,353,1891.0,-0.7653132788282385,51.24143087767161
6110,44.022,493,347,100,679,937,816,293,1891.0,-0.7639764870748268,51.241430877671604
6111,75.768,524,240,221,579,960,709,351,1891.0,-0.7626396953214151,51.24143087767161
6112,70.117,635,257,332,494,1012,657,368,1891.0,-0.7613029035680035,51.24143087767161
6113,117.802,577,332,406,568,1086,731,443,1891.0,-0.7599661118145916,51.241430877671604
6114,134.296,245,137,327,460,819,513,456,1891.0,-0.7586293200611797,51.24143087767161
6115,36.945,192,66,256,473,748,460,439,1891.0,-0.757292528307768,51.241430877671604
6116,43.034,176,22,169,390,676,392,356,1891.0,-0.7559557365543562,51.2414308776716
6117,47.725,283,130,86,462,609,492,441,1891.0,-0.7546189448009446,51.2414308776716
6118,46.166,332,149,94,498,617,541,491,1891.0,-0.7532821530475328,51.24143087767161
6119,80.79,349,403,496,348,545,339,314,1891.0,-0.7506085695407091,51.241430877671604
6120,77.531,424,530,584,423,671,198,158,1891.0,-0.7492717777872975,51.24143087767161
6121,67.197,534,653,694,534,788,309,269,1891.0,-0.7479349860338855,51.24143087767161
6122,70.933,911,232,567,280,490,348,311,1891.0,-0.7465981942804738,51.241430877671604
6123,69.074,713,34,368,81,292,149,143,1891.0,-0.7452614025270621,51.241430877671604
6124,172.911,727,131,373,62,184,24,122,1891.0,-0.7439246107736502,51.24143087767161
6125,21.063,792,186,428,51,115,100,89,1891.0,-0.7425878190202386,51.241430877671604
6126,13.972,916,153,476,136,71,120,224,1891.0,-0.7412510272668269,51.2414308776716
6127,21.112,982,147,407,90,131,29,295,1891.0,-0.7399142355134151,51.2414308776716
6128,46.332,932,254,413,158,222,143,399,1891.0,-0.7385774437600031,51.2414308776716
6129,24.957,924,348,416,249,316,209,493,1891.0,-0.7372406520065913,51.2414308776716
6130,4.296,968,424,492,214,392,156,569,1891.0,-0.7359038602531798,51.24143087767161
6131,39.7,1002,528,595,238,495,74,570,1891.0,-0.7345670684997679,51.24143087767161
6132,43.806,983,697,478,593,759,209,368,1891.0,-0.7305566932395327,51.24143087767161
6133,36.575,957,684,453,552,644,183,350,1891.0,-0.7292199014861208,51.241430877671604
6134,23.935,1109,838,606,631,723,335,503,1891.0,-0.727883109732709,51.24143087767161
6135,7.132,775,699,599,637,983,328,496,1891.0,-0.7265463179792973,51.241430877671604
6136,17.151,875,798,686,737,895,415,583,1891.0,-0.7252095262258855,51.24143087767161
6137,19.871,764,688,748,627,1013,477,645,1891.0,-0.7238727344724739,51.241430877671604
6138,11.005,626,550,681,489,1151,489,729,1891.0,-0.7225359427190622,51.241430877671604
6139,0.0,1234,1186,1205,644,2288,2202,1289,1891.0,-0.8134270095606715,51.24046662691371
6140,0.0,1163,1116,1135,574,2101,2015,1219,1891.0,-0.8120902355104483,51.2404666269137
6141,0.0,1148,1136,1154,594,2081,1995,1238,1891.0,-0.8107534614602254,51.240466626913715
6142,0.0,988,1050,1069,753,1921,1835,1152,1891.0,-0.8094166874100025,51.24046662691371
6143,0.0,884,1104,1046,858,1817,1731,1207,1891.0,-0.8080799133597794,51.2404666269137
6144,0.0,740,1015,860,886,1673,1587,1175,1891.0,-0.8067431393095564,51.240466626913715
6145,0.0,740,1015,860,886,1673,1587,1175,1891.0,-0.8054063652593336,51.24046662691371
6146,0.0,584,888,800,673,1290,1204,915,1891.0,-0.8013960431086647,51.2404666269137
6147,0.0,471,775,687,560,1187,1101,813,1891.0,-0.8000592690584417,51.2404666269137
6148,0.0,388,692,626,478,1105,1019,730,1891.0,-0.7987224950082188,51.24046662691371
6149,0.0,485,539,723,575,908,822,533,1891.0,-0.797385720957996,51.2404666269137
6150,0.0,526,547,764,615,916,830,542,1891.0,-0.7960489469077727,51.2404666269137
6151,0.0,508,442,801,646,796,710,436,1891.0,-0.7947121728575497,51.24046662691371
6152,0.0,555,489,842,694,807,721,484,1891.0,-0.7933753988073269,51.2404666269137
6153,0.0,684,618,760,822,936,850,613,1891.0,-0.792038624757104,51.24046662691371
6154,0.0,713,405,595,516,551,465,399,1891.0,-0.7907018507068809,51.2404666269137
6155,2.88,747,366,460,381,416,330,371,1891.0,-0.7893650766566579,51.2404666269137
6156,14.955,502,645,381,300,265,351,129,1891.0,-0.7880283026064352,51.24046662691371
6157,13.515,449,620,258,275,240,326,103,1891.0,-0.7866915285562119,51.24046662691371
6158,21.161,489,669,307,324,289,375,153,1891.0,-0.785354754505989,51.2404666269137
6159,11.181,224,841,435,497,462,548,325,1891.0,-0.7840179804557662,51.24046662691371
6160,20.516,311,928,522,584,549,635,412,1891.0,-0.7826812064055432,51.24046662691371
6161,3.195,816,897,710,757,722,808,585,1891.0,-0.7813444323553203,51.2404666269137
6162,0.0,812,804,746,792,757,843,621,1891.0,-0.7800076583050972,51.24046662691371
6163,0.0,717,557,862,826,981,1067,602,1891.0,-0.7773341102046514,51.24046662691371
6164,0.0,782,491,796,892,1015,1101,536,1891.0,-0.7759973361544285,51.2404666269137
6165,0.558,683,528,777,932,1199,1285,436,1891.0,-0.7746605621042053,51.24046662691371
6166,24.43,567,412,770,834,1267,1177,320,1891.0,-0.7733237880539824,51.24046662691371
6167,44.534,521,401,724,815,1219,1165,274,1891.0,-0.7719870140037596,51.240466626913715
6168,38.545,232,368,534,844,1202,1146,242,1891.0,-0.7706502399535365,51.2404666269137
6169,34.448,208,392,510,868,1210,1122,266,1891.0,-0.7693134659033137,51.24046662691371
6170,33.388,113,494,408,774,1108,1020,368,1891.0,-0.7679766918530905,51.2404666269137
6171,30.567,241,561,280,686,980,892,465,1891.0,-0.7666399178028678,51.24046662691371
6172,55.223,495,408,26,747,981,877,351,1891.0,-0.7653031437526446,51.2404666269137
6173,41.105,521,435,0,774,1008,904,378,1891.0,-0.7639663697024218,51.2404666269137
6174,52.285,393,370,310,463,837,840,481,1891.0,-0.7626295956521987,51.24046662691371
6175,45.576,344,457,403,554,877,920,574,1891.0,-0.7612928216019759,51.2404666269137
6176,50.422,539,393,505,621,1112,781,541,1891.0,-0.759956047551753,51.240466626913715
6177,62.203,427,318,509,642,1001,695,638,1891.0,-0.7586192735015299,51.2404666269137
6178,72.15,276,68,173,504,624,532,482,1891.0,-0.7572824994513071,51.240466626913715
6179,51.452,318,132,226,558,678,574,524,1891.0,-0.7559457254010842,51.24046662691371
6180,51.487,293,110,18,460,578,502,452,1891.0,-0.754608951350861,51.24046662691371
6181,52.007,344,30,107,380,498,554,503,1891.0,-0.753272177300638,51.2404666269137
6182,38.627,444,113,206,271,390,570,530,1891.0,-0.7519354032504152,51.24046662691371
6183,114.321,349,403,496,348,545,339,314,1891.0,-0.7505986292001923,51.24046662691371
6184,73.553,475,517,614,457,646,249,210,1891.0,-0.7492618551499691,51.2404666269137
6185,68.04,554,417,600,465,547,329,289,1891.0,-0.7479250810997463,51.24046662691371
6186,62.138,956,277,611,325,535,392,356,1891.0,-0.7465883070495233,51.240466626913715
6187,48.654,763,83,418,131,342,199,162,1891.0,-0.7452515329993005,51.24046662691371
6188,72.458,860,275,609,226,285,259,141,1891.0,-0.7439147589490774,51.2404666269137
6189,22.022,929,289,624,240,196,261,156,1891.0,-0.7425779848988544,51.2404666269137
6190,25.861,995,315,657,298,162,277,302,1891.0,-0.7412412108486314,51.240466626913694
6191,62.025,1123,334,506,238,297,223,477,1891.0,-0.7399044367984084,51.240466626913715
6192,52.093,1106,356,528,260,319,245,498,1891.0,-0.7385676627481855,51.240466626913715
6193,37.662,1039,372,531,276,340,261,517,1891.0,-0.7372308886979625,51.24046662691371
6194,56.632,1072,598,666,296,566,6,501,1891.0,-0.7345573405975168,51.24046662691371
6195,64.031,1126,771,839,354,637,88,501,1891.0,-0.7332205665472937,51.2404666269137
6196,64.457,1130,838,906,421,641,155,568,1891.0,-0.7318837924970707,51.2404666269137
6197,17.163,995,719,596,414,507,240,485,1891.0,-0.7305470184468478,51.2404666269137
6198,27.224,1023,752,532,472,565,249,429,1891.0,-0.7292102443966249,51.2404666269137
6199,13.732,5000,5000,0,5000,5000,5000,5000,1891.0,-0.7278734703464019,51.2404666269137
6200,0.043,939,750,701,771,823,468,636,1891.0,-0.7251999222459559,51.2404666269137
6201,0.0,866,779,724,728,914,495,663,1891.0,-0.723863148195733,51.24046662691371
6202,0.0,874,727,634,736,939,712,880,1891.0,-0.72252637414551,51.240466626913715
6203,0.0,1230,1183,1202,458,2305,2219,1286,1891.0,-0.8147529941257242,51.23950238359869
6204,0.0,1114,1066,1085,524,2188,2102,1169,1891.0,-0.8134162377776919,51.2395023835987
6205,0.046,1163,1116,1135,574,2101,2015,1219,1891.0,-0.8120794814296596,51.23950238359869
6206,0.0,1148,1136,1154,594,2081,1995,1238,1891.0,-0.8107427250816271,51.2395023835987
6207,0.0,914,866,885,625,1988,1902,969,1891.0,-0.8094059687335948,51.239502383598705
6208,0.0,899,966,881,764,1892,1806,1069,1891.0,-0.8080692123855625,51.239502383598705
6209,0.0,823,959,804,822,1815,1729,1109,1891.0,-0.8067324560375301,51.2395023835987
6210,0.0,754,891,736,890,1797,1711,1051,1891.0,-0.8053956996894979,51.23950238359871
6211,0.0,353,629,515,499,1286,1200,911,1891.0,-0.8027221869934328,51.2395023835987
6212,0.0,353,629,515,499,1286,1200,911,1891.0,-0.8013854306454008,51.23950238359869
6213,0.0,384,687,595,473,1105,1019,730,1891.0,-0.8000486742973685,51.2395023835987
6214,0.0,299,602,536,388,1037,951,662,1891.0,-0.7987119179493358,51.2395023835987
6215,4.164,358,439,652,497,808,722,434,1891.0,-0.7960384052532713,51.2395023835987
6216,0.736,425,372,719,564,741,655,367,1891.0,-0.7947016489052389,51.23950238359871
6217,0.0,566,500,751,672,707,621,495,1891.0,-0.7933648925572065,51.23950238359869
6218,29.91,713,405,595,516,551,465,399,1891.0,-0.7906913798611417,51.23950238359869
6219,74.265,677,296,389,311,345,260,301,1891.0,-0.7893546235131093,51.2395023835987
6220,14.63,480,624,359,279,244,330,107,1891.0,-0.7880178671650772,51.23950238359871
6221,81.243,370,519,255,174,139,225,14,1891.0,-0.7866811108170447,51.2395023835987
6222,30.674,526,669,325,324,289,375,153,1891.0,-0.7853443544690123,51.2395023835987
6223,29.63,172,807,384,472,471,514,349,1891.0,-0.7840075981209799,51.23950238359869
6224,29.496,199,834,411,499,501,541,378,1891.0,-0.7826708417729475,51.2395023835987
6225,1.378,813,895,713,759,724,810,588,1891.0,-0.781334085424915,51.2395023835987
6226,0.148,760,841,767,813,778,864,641,1891.0,-0.7799973290768828,51.2395023835987
6227,0.0,648,682,929,758,952,1038,568,1891.0,-0.7786605727288505,51.239502383598705
6228,0.0,635,639,899,745,1001,1052,555,1891.0,-0.7773238163808182,51.23950238359871
6229,0.0,821,503,750,904,1061,1147,489,1891.0,-0.7759870600327857,51.23950238359869
6230,0.0,766,558,694,849,1117,1203,434,1891.0,-0.7746503036847534,51.2395023835987
6231,2.133,741,725,527,682,1243,1370,266,1891.0,-0.7733135473367211,51.2395023835987
6232,32.059,487,434,691,842,1216,1199,240,1891.0,-0.7719767909886889,51.2395023835987
6233,53.755,381,470,543,695,1069,1295,93,1891.0,-0.7706400346406564,51.2395023835987
6234,32.785,0,601,521,660,1035,1134,474,1891.0,-0.7693032782926238,51.2395023835987
6235,17.15,0,601,521,660,1035,1134,474,1891.0,-0.7679665219445916,51.239502383598705
6236,22.302,138,665,384,522,896,996,356,1891.0,-0.7666297655965593,51.2395023835987
6237,12.582,315,591,531,386,760,1060,603,1891.0,-0.765293009248527,51.239502383598705
6238,25.901,291,472,412,361,735,941,579,1891.0,-0.7639562529004946,51.2395023835987
6239,52.9,291,472,412,361,735,941,579,1891.0,-0.7626194965524622,51.2395023835987
6240,67.291,307,420,377,517,840,883,611,1891.0,-0.7612827402044299,51.2395023835987
6241,9.445,193,323,292,403,739,787,725,1891.0,-0.7599459838563973,51.2395023835987
6242,45.854,521,313,140,470,511,777,727,1891.0,-0.758609227508365,51.239502383598705
6243,54.325,443,235,29,391,480,698,648,1891.0,-0.7572724711603327,51.23950238359869
6244,21.548,448,240,8,401,518,703,653,1891.0,-0.7559357148123006,51.23950238359871
6245,46.252,444,113,206,271,390,570,530,1891.0,-0.7532622021162356,51.23950238359869
6246,48.199,531,200,273,204,323,503,464,1891.0,-0.7519254457682033,51.2395023835987
6247,116.343,593,316,409,340,459,368,328,1891.0,-0.7505886894201711,51.2395023835987
6248,60.724,666,405,482,428,428,440,401,1891.0,-0.7492519330721386,51.2395023835987
6249,79.758,709,451,436,382,382,483,443,1891.0,-0.7479151767241062,51.239502383598705
6250,55.896,708,327,496,375,443,443,332,1891.0,-0.7465784203760738,51.23950238359869
6251,32.817,682,280,535,328,433,396,285,1891.0,-0.7452416640280416,51.23950238359871
6252,34.958,834,313,647,275,333,308,190,1891.0,-0.743904907680009,51.2395023835987
6253,49.41,882,361,695,312,304,345,227,1891.0,-0.7425681513319768,51.239502383598705
6254,45.749,975,344,686,327,190,306,321,1891.0,-0.7412313949839444,51.2395023835987
6255,62.355,1088,374,546,278,336,263,516,1891.0,-0.739894638635912,51.2395023835987
6256,78.832,1046,419,560,322,381,308,561,1891.0,-0.7385578822878797,51.2395023835987
6257,15.686,964,529,508,433,492,418,547,1891.0,-0.7372211259398471,51.2395023835987
6258,0.189,1043,572,587,476,539,443,443,1891.0,-0.7358843695918149,51.23950238359869
6259,20.341,1080,682,750,265,591,0,413,1891.0,-0.7345476132437827,51.23950238359871
6260,37.562,1132,743,810,326,643,60,473,1891.0,-0.7332108568957502,51.2395023835987
6261,57.587,934,658,859,353,445,179,500,1891.0,-0.7318741005477178,51.2395023835987
6262,11.659,950,674,662,369,461,195,516,1891.0,-0.7305373441996856,51.2395023835987
6263,9.897,907,631,680,326,419,152,474,1891.0,-0.7292005878516531,51.2395023835987
6264,12.158,998,722,769,417,510,243,565,1891.0,-0.7278638315036209,51.2395023835987
6265,3.68,785,509,661,545,581,371,693,1891.0,-0.7265270751555883,51.2395023835987
6266,0.033,846,604,607,653,677,479,776,1891.0,-0.7251903188075559,51.23950238359869
6267,0.0,859,708,615,784,808,594,786,1891.0,-0.7238535624595238,51.23950238359871
6268,0.0,724,573,480,781,785,608,905,1891.0,-0.7225168061114912,51.2395023835987
6269,0.0,1179,1131,1150,326,2253,2167,1200,1891.0,-0.8147422052489143,51.23853814772622
6270,0.0,971,924,943,382,2045,1960,1026,1891.0,-0.8134054666020745,51.23853814772622
6271,0.321,985,937,956,395,2059,1973,1040,1891.0,-0.8120687279552345,51.23853814772622
6272,0.0,816,769,788,512,1891,1805,871,1891.0,-0.8107319893083947,51.238538147726224
6273,0.0,827,779,798,595,1901,1815,882,1891.0,-0.8093952506615547,51.23853814772622
6274,0.0,573,710,555,822,1647,1561,870,1891.0,-0.8067217733678748,51.23853814772621
6275,0.0,413,550,395,661,1487,1401,709,1891.0,-0.805385034721035,51.23853814772621
6276,0.0,424,561,406,672,1498,1412,720,1891.0,-0.804048296074195,51.23853814772622
6277,0.0,215,491,377,361,1180,1094,795,1891.0,-0.8027115574273553,51.23853814772622
6278,0.073,169,445,331,315,1133,1047,759,1891.0,-0.8013748187805155,51.238538147726224
6279,4.546,207,466,386,255,1026,940,651,1891.0,-0.8000380801336754,51.23853814772621
6280,13.208,167,481,422,267,956,870,581,1891.0,-0.7987013414868356,51.23853814772622
6281,22.115,136,493,479,274,886,800,511,1891.0,-0.7973646028399958,51.23853814772622
6282,57.484,189,282,581,296,651,565,276,1891.0,-0.796027864193156,51.238538147726224
6283,68.072,225,285,617,332,654,568,279,1891.0,-0.7946911255463159,51.23853814772622
6284,3.123,472,163,576,497,532,446,158,1891.0,-0.793354386899476,51.23853814772622
6285,3.925,555,83,394,315,350,264,88,1891.0,-0.7920176482526361,51.23853814772621
6286,69.412,555,83,394,315,350,264,88,1891.0,-0.7906809096057963,51.23853814772622
6287,73.406,525,235,238,159,194,108,230,1891.0,-0.7893441709589563,51.23853814772621
6288,56.214,453,293,166,87,122,36,252,1891.0,-0.7880074323121165,51.23853814772621
6289,53.765,375,352,88,7,34,58,171,1891.0,-0.7866706936652764,51.238538147726224
6290,40.432,240,612,239,272,255,318,133,1891.0,-0.7853339550184364,51.23853814772621
6291,20.25,103,725,302,390,391,431,269,1891.0,-0.7839972163715967,51.23853814772622
6292,27.562,54,765,341,429,457,471,378,1891.0,-0.7826604777247568,51.23853814772621
6293,30.776,299,975,586,674,702,716,635,1891.0,-0.7813237390779169,51.238538147726224
6294,33.446,404,870,691,702,807,821,530,1891.0,-0.779987000431077,51.23853814772622
6295,22.792,556,717,843,666,956,973,476,1891.0,-0.7786502617842374,51.23853814772622
6296,9.51,574,700,861,684,964,991,493,1891.0,-0.7773135231373973,51.23853814772621
6297,0.42,929,1047,766,563,1444,1458,373,1891.0,-0.7759767844905574,51.23853814772622
6298,17.156,779,868,565,510,1281,1405,304,1891.0,-0.7746400458437175,51.23853814772621
6299,23.002,741,725,527,682,1243,1370,266,1891.0,-0.7733033071968776,51.23853814772622
6300,45.544,563,651,362,628,1064,1441,88,1891.0,-0.7719665685500378,51.238538147726224
6301,49.326,474,563,450,602,976,1353,0,1891.0,-0.7706298299031977,51.23853814772621
6302,42.648,371,686,573,479,853,1230,122,1891.0,-0.7692930912563579,51.23853814772622
6303,18.878,371,686,573,479,853,1230,122,1891.0,-0.7679563526095182,51.23853814772622
6304,23.008,396,654,642,383,757,1251,337,1891.0,-0.7666196139626782,51.23853814772621
6305,43.847,396,654,642,383,757,1251,337,1891.0,-0.7652828753158384,51.23853814772622
6306,44.932,244,557,496,314,688,1026,569,1891.0,-0.7639461366689982,51.23853814772621
6307,70.16,140,623,563,212,586,1092,636,1891.0,-0.7626093980221585,51.23853814772621
6308,38.201,29,546,515,206,556,1010,747,1891.0,-0.7612726593753186,51.23853814772621
6309,0.04,0,517,486,210,560,980,776,1891.0,-0.7599359207284786,51.23853814772621
6310,40.636,643,315,262,315,355,899,848,1891.0,-0.7585991820816389,51.23853814772622
6311,81.254,600,235,218,235,290,855,805,1891.0,-0.7572624434347988,51.23853814772621
6312,48.093,579,194,197,194,331,834,784,1891.0,-0.7559257047879591,51.23853814772622
6313,80.808,666,293,174,103,221,658,619,1891.0,-0.7519154888474393,51.23853814772621
6314,101.605,693,320,201,130,248,685,646,1891.0,-0.7505787502005993,51.23853814772621
6315,60.237,709,451,436,382,382,483,443,1891.0,-0.7492420115537594,51.23853814772621
6316,35.38,672,443,329,276,276,596,492,1891.0,-0.7479052729069194,51.23853814772621
6317,44.36,755,408,415,362,362,524,412,1891.0,-0.7465685342600797,51.23853814772622
6318,64.066,628,311,488,359,464,427,315,1891.0,-0.7452317956132399,51.23853814772622
6319,78.379,509,418,369,466,571,534,423,1891.0,-0.7438950569663999,51.23853814772621
6320,71.868,596,505,293,553,658,621,510,1891.0,-0.74255831831956,51.23853814772621
6321,84.143,648,577,308,625,730,691,582,1891.0,-0.7412215796727202,51.23853814772622
6322,75.013,768,688,312,652,711,620,620,1891.0,-0.7398848410258803,51.23853814772621
6323,90.866,771,688,315,594,653,562,562,1891.0,-0.7385481023790403,51.23853814772621
6324,92.662,885,596,429,490,559,448,448,1891.0,-0.7372113637322004,51.23853814772621
6325,14.971,1043,707,587,538,612,443,443,1891.0,-0.7358746250853607,51.23853814772622
6326,15.02,983,707,949,168,494,61,316,1891.0,-0.7345378864385207,51.23853814772621
6327,44.103,937,661,903,123,448,15,270,1891.0,-0.7332011477916809,51.238538147726224
6328,53.884,934,658,859,353,445,179,500,1891.0,-0.731864409144841,51.23853814772622
6329,17.521,843,566,758,261,354,88,409,1891.0,-0.7305276704980012,51.23853814772622
6330,23.651,892,616,755,310,403,137,458,1891.0,-0.729190931851161,51.23853814772621
6331,20.159,1030,754,906,469,561,295,616,1891.0,-0.7278541932043214,51.238538147726224
6332,17.867,1092,815,968,530,623,357,678,1891.0,-0.7265174545574814,51.23853814772622
6333,28.686,790,514,649,598,587,424,745,1891.0,-0.7251807159106415,51.23853814772622
6334,0.0,608,457,364,843,669,550,847,1891.0,-0.7238439772638016,51.23853814772621
6335,0.0,590,475,346,861,687,532,865,1891.0,-0.7225072386169616,51.23853814772621
6336,0.45,1125,1050,1097,239,2200,2114,1113,1891.0,-0.8147314169804144,51.2375739192959
6337,0.018,1052,1004,1023,269,2126,2040,1107,1891.0,-0.813394696033769,51.237573919295905
6338,0.0,1052,1004,1023,269,2126,2040,1107,1891.0,-0.8120579750871236,51.2375739192959
6339,0.0,739,692,711,581,1814,1728,794,1891.0,-0.810721254140478,51.2375739192959
6340,0.0,702,654,673,549,1776,1690,757,1891.0,-0.8093845331938326,51.2375739192959
6341,0.698,419,408,390,519,1499,1413,567,1891.0,-0.8067110913005416,51.2375739192959
6342,2.149,342,403,313,514,1422,1336,562,1891.0,-0.8053743703538961,51.2375739192959
6343,9.874,263,450,245,518,1355,1269,609,1891.0,-0.8040376494072508,51.2375739192959
6344,16.043,134,430,191,384,1265,1179,671,1891.0,-0.8027009284606053,51.237573919295905
6345,171.316,74,370,208,287,1157,1071,671,1891.0,-0.80136420751396,51.23757391929591
6346,110.394,92,346,249,197,1085,999,655,1891.0,-0.8000274865673144,51.2375739192959
6347,85.827,85,341,326,126,944,858,569,1891.0,-0.7986907656206689,51.237573919295905
6348,97.705,64,394,433,179,818,732,444,1891.0,-0.7973540446740234,51.2375739192959
6349,59.033,96,374,488,203,743,657,369,1891.0,-0.796017323727378,51.2375739192959
6350,72.388,205,265,596,312,634,548,260,1891.0,-0.7946806027807325,51.2375739192959
6351,29.167,390,134,547,468,503,417,128,1891.0,-0.793343881834087,51.237573919295905
6352,21.014,471,19,423,344,379,293,14,1891.0,-0.7920071608874416,51.23757391929591
6353,24.147,525,58,364,285,320,234,58,1891.0,-0.7906704399407959,51.237573919295905
6354,27.222,658,299,371,292,327,241,456,1891.0,-0.7893337189941504,51.2375739192959
6355,58.186,384,326,97,18,53,32,189,1891.0,-0.7879969980475051,51.237573919295905
6356,70.666,359,356,72,15,44,63,180,1891.0,-0.78666027710086,51.23757391929591
6357,48.208,179,531,107,196,223,237,271,1891.0,-0.785323556154214,51.237573919295905
6358,5.196,165,545,121,209,237,251,285,1891.0,-0.7839868352075688,51.2375739192959
6359,24.238,121,832,409,497,524,538,495,1891.0,-0.7826501142609232,51.237573919295905
6360,24.063,228,921,497,494,613,627,601,1891.0,-0.7813133933142776,51.2375739192959
6361,38.367,926,1044,763,560,1440,1454,369,1891.0,-0.7773032304743415,51.23757391929591
6362,46.059,922,1040,759,556,1437,1451,366,1891.0,-0.775966509527696,51.237573919295905
6363,29.574,753,871,590,387,1267,1281,196,1891.0,-0.7746297885810502,51.2375739192959
6364,41.721,760,848,545,491,1261,1385,285,1891.0,-0.773293067634405,51.237573919295905
6365,43.28,967,1055,199,1018,1468,1845,492,1891.0,-0.7719563466877596,51.237573919295905
6366,12.683,731,819,194,782,1232,1609,256,1891.0,-0.7706196257411138,51.237573919295905
6367,16.792,371,686,573,479,853,1230,122,1891.0,-0.7692829047944685,51.2375739192959
6368,32.23,290,656,536,398,772,1149,203,1891.0,-0.767946183847823,51.237573919295905
6369,19.015,348,606,594,327,701,1206,289,1891.0,-0.7666094629011776,51.23757391929591
6370,46.785,420,678,666,254,628,1271,361,1891.0,-0.765272741954532,51.237573919295905
6371,55.705,335,709,648,125,499,1178,476,1891.0,-0.7639360210078866,51.237573919295905
6372,74.192,171,688,646,167,542,1151,687,1891.0,-0.7625993000612411,51.237573919295905
6373,20.023,203,720,678,199,574,1183,719,1891.0,-0.7612625791145957,51.237573919295905
6374,56.172,518,561,760,332,348,1430,934,1891.0,-0.7599258581679501,51.237573919295905
6375,58.722,643,315,262,315,355,899,848,1891.0,-0.7585891372213048,51.237573919295905
6376,57.678,658,114,277,114,263,914,864,1891.0,-0.7572524162746593,51.237573919295905
6377,29.349,658,114,277,114,300,914,864,1891.0,-0.7559156953280138,51.237573919295905
6378,52.174,805,34,227,34,274,864,825,1891.0,-0.7545789743813685,51.2375739192959
6379,44.142,838,68,193,68,240,830,791,1891.0,-0.7532422534347228,51.237573919295905
6380,42.772,799,223,66,3,23,810,755,1891.0,-0.7519055324880775,51.23757391929591
6381,42.335,796,228,67,14,14,841,762,1891.0,-0.7505688115414318,51.237573919295905
6382,81.667,757,361,200,147,147,718,614,1891.0,-0.7492320905947866,51.237573919295905
6383,72.87,534,305,431,347,378,741,633,1891.0,-0.7478953696481409,51.237573919295905
6384,40.941,526,298,510,351,456,684,573,1891.0,-0.7465586487014955,51.237573919295905
6385,42.34,629,401,619,454,574,569,458,1891.0,-0.7452219277548501,51.23757391929591
6386,104.555,602,373,624,427,597,569,458,1891.0,-0.7438852068082046,51.237573919295905
6387,32.652,391,563,266,469,725,688,577,1891.0,-0.7425484858615591,51.2375739192959
6388,23.584,506,644,144,584,797,628,628,1891.0,-0.7412117649149136,51.237573919295905
6389,28.178,586,736,72,649,781,603,603,1891.0,-0.7398750439682682,51.2375739192959
6390,27.664,691,820,235,544,618,440,440,1891.0,-0.7385383230216226,51.2375739192959
6391,92.152,816,710,360,438,512,334,334,1891.0,-0.7372016020749772,51.23757391929591
6392,3.437,867,660,411,373,447,269,269,1891.0,-0.7358648811283317,51.237573919295905
6393,18.37,865,589,601,178,376,198,198,1891.0,-0.7345281601816861,51.2375739192959
6394,72.712,782,506,741,67,293,107,115,1891.0,-0.7331914392350409,51.2375739192959
6395,42.016,863,587,845,65,374,108,212,1891.0,-0.7318547182883953,51.237573919295905
6396,33.158,696,420,696,231,208,31,340,1891.0,-0.7305179973417498,51.2375739192959
6397,11.021,1084,807,960,522,615,349,670,1891.0,-0.7278445554484589,51.23757391929591
6398,19.775,637,361,637,657,434,434,612,1891.0,-0.7265078345018134,51.2375739192959
6399,10.656,681,405,681,696,478,478,656,1891.0,-0.7251711135551681,51.2375739192959
6400,0.009,471,413,227,926,806,413,984,1891.0,-0.7238343926085224,51.23757391929591
6401,0.0,572,493,327,879,705,514,883,1891.0,-0.722497671661877,51.237573919295905
6402,0.836,1139,973,1110,156,2215,2129,1030,1891.0,-0.8147206293201755,51.23660969830741
6403,0.018,1139,973,1110,156,2215,2129,1030,1891.0,-0.8133839260727264,51.23660969830741
6404,0.055,630,575,602,475,1710,1624,678,1891.0,-0.8093738163303794,51.236609698307404
6405,13.814,526,447,496,516,1635,1549,569,1891.0,-0.8080371130829305,51.23660969830741
6406,69.488,441,376,412,487,1558,1472,535,1891.0,-0.8067004098354813,51.23660969830741
6407,74.657,335,327,305,438,1484,1398,486,1891.0,-0.8053637065880322,51.23660969830741
6408,64.499,234,355,205,458,1396,1310,514,1891.0,-0.8040270033405833,51.23660969830741
6409,93.057,150,401,134,407,1306,1220,568,1891.0,-0.8026903000931344,51.236609698307404
6410,16.499,44,356,127,313,1212,1126,649,1891.0,-0.8013535968456852,51.23660969830741
6411,115.472,115,235,208,145,1046,960,560,1891.0,-0.8000168935982364,51.23660969830741
6412,74.33,58,251,317,42,931,845,543,1891.0,-0.7986801903507873,51.23660969830741
6413,77.129,61,274,412,107,864,778,489,1891.0,-0.7973434871033384,51.23660969830741
6414,41.767,208,292,582,275,662,576,287,1891.0,-0.7960067838558892,51.23660969830741
6415,37.618,285,295,658,352,748,662,373,1891.0,-0.7946700806084402,51.236609698307404
6416,22.339,530,217,616,534,572,486,212,1891.0,-0.7933333773609912,51.23660969830741
6417,18.029,621,227,611,533,568,482,222,1891.0,-0.7919966741135424,51.236609698307404
6418,46.327,614,277,327,248,283,197,413,1891.0,-0.7893232676186442,51.23660969830741
6419,47.404,576,369,288,228,255,248,392,1891.0,-0.7879865643711951,51.236609698307404
6420,72.763,494,463,207,210,238,252,374,1891.0,-0.7866498611237461,51.23660969830741
6421,44.556,418,527,131,219,246,260,383,1891.0,-0.7853131578762973,51.23660969830741
6422,46.279,265,624,201,289,316,330,365,1891.0,-0.7839764546288482,51.236609698307404
6423,25.833,393,752,329,325,444,459,493,1891.0,-0.7826397513813993,51.23660969830741
6424,31.963,228,921,497,494,613,627,601,1891.0,-0.7813030481339499,51.236609698307404
6425,50.884,605,872,597,409,713,727,513,1891.0,-0.779966344886501,51.236609698307404
6426,37.722,711,897,980,413,1114,1128,223,1891.0,-0.778629641639052,51.23660969830741
6427,56.461,702,820,904,337,1190,1205,146,1891.0,-0.7772929383916032,51.236609698307404
6428,35.851,662,780,680,296,1177,1191,106,1891.0,-0.774619531896705,51.23660969830741
6429,43.989,937,1026,167,989,1438,1815,462,1891.0,-0.7732828286492561,51.236609698307404
6430,72.598,859,948,109,911,1360,1737,384,1891.0,-0.7719461254018071,51.23660969830741
6431,30.516,731,819,194,782,1232,1609,256,1891.0,-0.770609422154358,51.23660969830741
6432,27.755,491,749,737,362,736,1350,433,1891.0,-0.7665993124120107,51.236609698307404
6433,59.563,463,803,789,259,633,1335,486,1891.0,-0.765262609164562,51.23660969830741
6434,60.437,375,752,731,165,539,1261,544,1891.0,-0.7639259059171127,51.236609698307404
6435,63.098,244,628,719,41,415,1225,575,1891.0,-0.7625892026696637,51.236609698307404
6436,65.285,199,573,685,38,360,1180,640,1891.0,-0.7612524994222148,51.23660969830741
6437,74.981,439,482,681,253,269,1351,855,1891.0,-0.7599157961747658,51.23660969830741
6438,42.295,811,0,160,172,183,940,827,1891.0,-0.7545689831849698,51.23660969830741
6439,40.249,776,172,11,0,58,768,728,1891.0,-0.7532322799375208,51.23660969830741
6440,84.409,788,199,38,18,45,812,770,1891.0,-0.7518955766900717,51.236609698307404
6441,62.521,715,486,427,407,410,1166,1055,1891.0,-0.7505588734426227,51.23660969830741
6442,71.799,557,329,270,249,252,1009,897,1891.0,-0.7492221701951736,51.2366096983074
6443,75.263,601,372,509,425,456,820,715,1891.0,-0.7478854669477248,51.236609698307404
6444,39.174,482,254,476,307,433,742,631,1891.0,-0.7465487637002758,51.236609698307404
6445,32.694,481,252,646,305,629,818,706,1891.0,-0.7452120604528266,51.236609698307404
6446,25.232,494,265,659,318,642,677,566,1891.0,-0.7438753572053776,51.236609698307404
6447,29.654,301,474,336,380,779,742,630,1891.0,-0.7425386539579285,51.23660969830741
6448,19.393,603,753,50,681,819,641,641,1891.0,-0.7412019507104796,51.236609698307404
6449,37.852,603,753,50,681,819,641,641,1891.0,-0.7398652474630305,51.23660969830741
6450,0.007,860,584,482,297,371,193,193,1891.0,-0.7358551377206834,51.236609698307404
6451,48.699,825,549,517,268,336,158,158,1891.0,-0.7345184344732345,51.236609698307404
6452,16.894,745,469,597,226,256,78,78,1891.0,-0.7331817312257857,51.23660969830741
6453,42.32,666,390,666,147,178,0,0,1891.0,-0.7318450279783364,51.236609698307404
6454,28.476,603,327,603,325,114,103,271,1891.0,-0.7305083247308874,51.236609698307404
6455,28.138,346,69,346,402,142,142,320,1891.0,-0.7291716214834385,51.236609698307404
6456,5.718,316,0,316,387,212,212,390,1891.0,-0.7278349182359894,51.23660969830741
6457,14.367,590,313,590,646,386,386,564,1891.0,-0.7264982149885404,51.236609698307404
6458,74.033,141,340,141,687,541,340,719,1891.0,-0.7251615117410913,51.23660969830741
6459,49.5,200,399,200,746,600,399,778,1891.0,-0.7238248084936423,51.236609698307404
6460,0.0,455,398,211,910,822,398,1000,1891.0,-0.7224881052461933,51.236609698307404
6461,12.252,1043,876,1013,59,2118,2032,933,1891.0,-0.8147098422681469,51.235645484760376
6462,6.374,908,741,878,75,1983,1897,798,1891.0,-0.8133731567188967,51.235645484760376
6463,2.875,866,699,836,135,1941,1855,756,1891.0,-0.8120364711696462,51.235645484760376
6464,4.106,757,590,727,382,1821,1735,549,1891.0,-0.8106997856203957,51.235645484760376
6465,35.022,654,487,624,329,1729,1643,544,1891.0,-0.8093631000711454,51.235645484760376
6466,76.438,546,395,516,457,1637,1551,517,1891.0,-0.808026414521895,51.235645484760376
6467,96.968,436,311,407,422,1553,1467,470,1891.0,-0.8066897289726443,51.235645484760376
6468,72.008,332,221,303,333,1456,1370,381,1891.0,-0.8053530434233939,51.235645484760376
6469,17.237,348,141,319,253,1383,1297,301,1891.0,-0.8040163578741435,51.235645484760376
6470,73.126,52,367,7,335,1240,1154,612,1891.0,-0.802679672324893,51.23564548476036
6471,47.826,60,359,0,327,1232,1146,620,1891.0,-0.8013429867756429,51.235645484760376
6472,22.554,170,87,272,111,1012,926,412,1891.0,-0.8000063012263923,51.235645484760376
6473,43.549,136,147,328,78,935,849,472,1891.0,-0.7986696156771419,51.23564548476037
6474,43.563,164,197,412,106,854,768,479,1891.0,-0.7973329301278914,51.235645484760376
6475,24.476,320,261,693,386,782,696,408,1891.0,-0.7959962445786407,51.235645484760376
6476,29.395,371,257,744,387,818,732,459,1891.0,-0.7946595590293903,51.23564548476036
6477,27.614,515,244,718,431,674,588,328,1891.0,-0.7933228734801401,51.235645484760376
6478,38.357,535,296,698,451,654,568,308,1891.0,-0.7919861879308896,51.23564548476037
6479,55.409,686,118,465,386,421,335,551,1891.0,-0.7906495023816389,51.235645484760376
6480,56.44,732,163,502,423,458,372,588,1891.0,-0.7893128168323887,51.235645484760376
6481,40.876,644,891,608,162,672,686,808,1891.0,-0.7879761312831381,51.23564548476036
6482,30.708,621,677,460,206,475,489,611,1891.0,-0.7866394457338878,51.235645484760376
6483,39.362,648,709,393,198,456,470,593,1891.0,-0.7853027601846374,51.235645484760376
6484,48.242,554,747,407,201,495,509,589,1891.0,-0.7839660746353868,51.23564548476037
6485,29.617,393,782,359,325,474,489,516,1891.0,-0.7826293890861362,51.235645484760376
6486,40.523,432,799,425,421,540,555,450,1891.0,-0.7812927035368861,51.235645484760376
6487,53.288,505,771,497,353,613,627,417,1891.0,-0.7799560179876355,51.23564548476036
6488,55.958,592,710,736,243,852,866,218,1891.0,-0.7786193324383851,51.235645484760376
6489,47.227,618,736,832,252,948,962,122,1891.0,-0.7772826468891345,51.235645484760376
6490,39.996,556,674,786,190,1070,1085,14,1891.0,-0.7759459613398841,51.235645484760376
6491,39.962,621,739,852,255,1135,1150,65,1891.0,-0.7746092757906337,51.23564548476037
6492,14.241,963,1052,193,1015,1464,1841,488,1891.0,-0.7732725902413834,51.23564548476037
6493,21.021,903,992,21,955,1405,1782,429,1891.0,-0.7719359046921326,51.235645484760376
6494,1.613,574,839,827,363,738,1439,522,1891.0,-0.7665891624951309,51.235645484760376
6495,7.987,517,872,851,307,681,1403,555,1891.0,-0.7652524769458806,51.235645484760376
6496,45.278,395,772,751,185,559,1281,551,1891.0,-0.7639157913966301,51.235645484760376
6497,67.738,365,407,607,179,194,1276,781,1891.0,-0.7599057347488788,51.235645484760376
6498,87.243,473,299,499,160,86,1168,762,1891.0,-0.7585690491996283,51.235645484760376
6499,36.101,612,179,382,33,28,1150,634,1891.0,-0.7572323636503778,51.235645484760376
6500,37.037,628,144,352,44,8,1132,635,1891.0,-0.7558956781011275,51.23564548476037
6501,52.974,811,0,160,172,183,940,827,1891.0,-0.754558992551877,51.235645484760376
6502,42.899,893,82,242,254,265,1022,896,1891.0,-0.7532223070026265,51.235645484760376
6503,33.416,785,556,497,477,480,1236,1125,1891.0,-0.7518856214533761,51.23564548476037
6504,60.212,715,486,427,407,410,1166,1055,1891.0,-0.7505489359041257,51.23564548476037
6505,52.928,611,383,324,303,306,1063,951,1891.0,-0.7492122503548753,51.23564548476036
6506,50.857,377,148,546,201,528,890,779,1891.0,-0.7465388792563742,51.235645484760376
6507,31.503,261,37,566,93,549,910,799,1891.0,-0.7452021937071239,51.235645484760376
6508,3.854,273,111,666,17,652,1014,903,1891.0,-0.7438655081578734,51.235645484760376
6509,17.376,164,227,598,138,773,1004,893,1891.0,-0.7425288226086231,51.235645484760376
6510,8.463,111,289,526,198,833,932,821,1891.0,-0.7411921370593724,51.235645484760376
6511,0.101,1198,1019,742,733,807,629,629,1891.0,-0.739855451510122,51.235645484760376
6512,0.003,1147,969,691,682,756,578,578,1891.0,-0.7385187659608714,51.235645484760376
6513,44.651,833,557,682,423,344,302,330,1891.0,-0.7345087093131203,51.23564548476036
6514,113.438,738,462,738,336,249,207,314,1891.0,-0.7331720237638699,51.235645484760376
6515,37.93,540,264,540,253,52,41,141,1891.0,-0.7318353382146193,51.235645484760376
6516,41.768,473,197,473,274,94,94,272,1891.0,-0.730498652665369,51.23564548476037
6517,26.968,536,260,536,348,174,174,352,1891.0,-0.7291619671161186,51.235645484760376
6518,45.466,283,32,283,379,209,209,387,1891.0,-0.727825281566868,51.235645484760376
6519,67.533,106,186,106,528,382,208,560,1891.0,-0.7264885960176175,51.23564548476036
6520,12.609,0,198,0,634,488,198,666,1891.0,-0.7251519104683671,51.235645484760376
6521,7.571,264,228,20,741,657,228,835,1891.0,-0.7238152249191169,51.235645484760376
6522,0.237,335,220,163,732,727,220,905,1891.0,-0.7224785393698664,51.23564548476037
6523,15.412,983,816,953,0,2058,1972,873,1891.0,-0.8146990558242797,51.234681278654435
6524,6.797,945,778,916,37,2020,1934,835,1891.0,-0.81336238797223,51.234681278654435
6525,1.46,912,745,883,185,1987,1901,747,1891.0,-0.8120257201201805,51.234681278654435
6526,45.208,795,629,766,364,1860,1774,588,1891.0,-0.8106890522681305,51.23468127865443
6527,51.191,741,515,712,467,1736,1650,464,1891.0,-0.8093523844160809,51.23468127865443
6528,33.545,662,437,633,452,1658,1572,385,1891.0,-0.8080157165640314,51.234681278654435
6529,61.418,503,278,474,293,1499,1413,226,1891.0,-0.8066790487119814,51.23468127865443
6530,108.56,494,269,465,221,1427,1341,154,1891.0,-0.8053423808599319,51.23468127865443
6531,26.578,437,52,408,164,1294,1208,312,1891.0,-0.8040057130078824,51.234681278654435
6532,30.324,466,79,498,75,1243,1157,212,1891.0,-0.8026690451558327,51.23468127865443
6533,92.934,363,103,465,42,1134,1048,239,1891.0,-0.8013323773037829,51.23468127865442
6534,30.417,258,0,359,55,1029,943,324,1891.0,-0.7999957094517333,51.234681278654435
6535,32.226,276,194,457,203,1003,917,509,1891.0,-0.7986590415996836,51.234681278654435
6536,20.482,207,109,566,95,1063,977,466,1891.0,-0.7973223737476338,51.23468127865444
6537,47.567,290,192,598,104,972,886,598,1891.0,-0.7959857058955842,51.234681278654435
6538,26.909,303,35,825,164,803,717,596,1891.0,-0.7946490380435343,51.234681278654435
6539,41.791,492,197,780,353,736,650,407,1891.0,-0.7933123701914849,51.23468127865444
6540,48.702,460,107,690,321,646,560,498,1891.0,-0.7919757023394353,51.234681278654435
6541,63.325,580,12,571,441,527,441,617,1891.0,-0.7906390344873856,51.23468127865443
6542,63.102,612,107,658,355,614,528,712,1891.0,-0.7893023666353358,51.23468127865444
6543,63.174,552,799,700,254,763,778,900,1891.0,-0.7879656987832862,51.234681278654435
6544,47.97,574,818,517,71,580,595,717,1891.0,-0.7866290309312364,51.234681278654435
6545,38.529,580,757,441,10,504,519,641,1891.0,-0.7852923630791868,51.23468127865442
6546,59.67,539,761,475,179,550,564,639,1891.0,-0.783955695227137,51.234681278654435
6547,57.812,638,619,783,424,883,897,453,1891.0,-0.7826190273750874,51.23468127865443
6548,46.101,627,608,772,413,872,886,442,1891.0,-0.7812823595230377,51.23468127865444
6549,44.756,548,627,610,306,725,740,332,1891.0,-0.7799456916709879,51.234681278654435
6550,49.437,508,626,672,179,787,802,277,1891.0,-0.7786090238189382,51.23468127865443
6551,40.656,513,631,907,147,1112,1126,120,1891.0,-0.7772723559668888,51.234681278654435
6552,38.334,488,606,868,122,1078,1092,81,1891.0,-0.7759356881148389,51.23468127865442
6553,38.692,560,678,850,194,1074,1089,63,1891.0,-0.7745990202627892,51.23468127865443
6554,10.133,699,451,396,420,678,1802,402,1891.0,-0.7612323417422925,51.23468127865442
6555,13.984,847,294,607,221,263,1387,549,1891.0,-0.7598956738902427,51.23468127865444
6556,56.393,765,207,530,142,186,1310,470,1891.0,-0.7585590060381933,51.234681278654435
6557,89.548,754,99,493,63,149,1273,561,1891.0,-0.7572223381861435,51.23468127865444
6558,72.885,719,71,434,51,90,1214,633,1891.0,-0.7558856703340938,51.23468127865443
6559,76.611,825,196,385,232,196,1165,815,1891.0,-0.7545490024820442,51.234681278654435
6560,49.045,897,140,301,301,268,1081,887,1891.0,-0.7532123346299946,51.23468127865444
6561,52.48,785,556,497,477,480,1236,1125,1891.0,-0.7518756667779446,51.23468127865443
6562,47.967,734,506,447,426,429,1186,1074,1891.0,-0.750538998925895,51.23468127865443
6563,56.993,663,434,375,355,358,1114,1003,1891.0,-0.7492023310738454,51.23468127865443
6564,10.407,442,213,618,266,601,963,851,1891.0,-0.746528995369746,51.234681278654435
6565,3.55,406,177,583,231,565,927,816,1891.0,-0.7451923275176965,51.234681278654435
6566,1.301,148,146,679,191,665,1027,916,1891.0,-0.7438556596656466,51.23468127865443
6567,0.0,1,237,637,283,811,1042,931,1891.0,-0.7425189918135969,51.23468127865443
6568,0.074,2,238,636,284,812,1041,930,1891.0,-0.7411823239615473,51.234681278654435
6569,0.0,1198,1019,742,733,807,629,629,1891.0,-0.7398456561094977,51.234681278654435
6570,0.0,1198,1019,742,733,807,629,629,1891.0,-0.7385089882574478,51.23468127865443
6571,0.0,1042,766,850,489,554,498,498,1891.0,-0.7358356525533486,51.23468127865443
6572,62.009,811,563,778,376,352,305,417,1891.0,-0.7344989847012989,51.23468127865443
6573,116.563,700,424,700,279,211,169,276,1891.0,-0.7331623168492492,51.23468127865442
6574,58.844,591,325,591,160,201,60,267,1891.0,-0.7318256489971995,51.234681278654435
6575,42.967,491,241,491,183,202,105,319,1891.0,-0.7304889811451499,51.234681278654435
6576,53.441,305,215,305,383,387,320,565,1891.0,-0.7291523132931003,51.23468127865444
6577,99.566,210,106,210,424,278,278,456,1891.0,-0.7278156454410504,51.23468127865443
6578,40.829,98,106,98,596,484,106,662,1891.0,-0.7264789775890008,51.234681278654435
6579,35.121,207,101,148,613,600,101,778,1891.0,-0.7251423097369512,51.23468127865444
6580,26.012,266,102,168,614,658,102,836,1891.0,-0.7238056418849015,51.234681278654435
6581,22.354,335,220,163,732,727,220,905,1891.0,-0.7224689740328518,51.23468127865443
6582,3.408,860,693,830,279,1924,1838,652,1891.0,-0.8120149696768303,51.23371707998923
6583,12.84,895,728,865,314,1959,1873,687,1891.0,-0.8106783195209836,51.23371707998923
6584,33.689,839,614,810,533,1834,1748,562,1891.0,-0.809341669365137,51.23371707998923
6585,59.893,764,539,735,509,1747,1661,475,1891.0,-0.8080050192092904,51.23371707998923
6586,57.073,677,451,647,443,1648,1562,376,1891.0,-0.8066683690534436,51.23371707998923
6587,54.322,631,405,602,397,1602,1516,330,1891.0,-0.805331718897597,51.23371707998923
6588,49.492,589,297,594,155,1360,1274,25,1891.0,-0.8039950687417505,51.23371707998924
6589,54.386,523,231,625,89,1294,1208,194,1891.0,-0.8026584185859038,51.23371707998923
6590,51.585,468,327,720,184,1389,1303,255,1891.0,-0.8013217684300572,51.23371707998923
6591,43.024,261,164,656,243,1201,1115,458,1891.0,-0.7999851182742104,51.23371707998923
6592,41.653,216,118,614,141,1110,1024,443,1891.0,-0.798648468118364,51.23371707998923
6593,15.09,115,19,634,82,1051,965,535,1891.0,-0.797311817962517,51.233717079989226
6594,12.654,185,87,661,0,968,882,561,1891.0,-0.7959751678066705,51.23371707998924
6595,20.621,290,21,812,151,816,731,609,1891.0,-0.7946385176508238,51.23371707998924
6596,34.038,343,74,865,204,879,793,671,1891.0,-0.7933018674949773,51.233717079989226
6597,55.387,448,119,703,308,659,573,485,1891.0,-0.7919652173391308,51.23371707998923
6598,58.28,612,107,658,355,614,528,712,1891.0,-0.7906285671832841,51.233717079989226
6599,57.084,558,161,712,300,668,582,766,1891.0,-0.7892919170274374,51.233717079989226
6600,68.382,552,799,700,254,763,778,900,1891.0,-0.7879552668715909,51.23371707998924
6601,48.307,559,805,519,73,583,597,720,1891.0,-0.7866186167157443,51.23371707998923
6602,28.468,541,755,448,46,511,525,648,1891.0,-0.7852819665598976,51.23371707998923
6603,56.756,568,722,474,78,538,552,674,1891.0,-0.7839453164040509,51.23371707998924
6604,60.241,642,596,632,237,696,710,539,1891.0,-0.7826086662482041,51.23371707998923
6605,50.165,594,498,738,348,807,822,473,1891.0,-0.7812720160923577,51.23371707998924
6606,60.386,446,486,762,233,877,892,260,1891.0,-0.7799353659365109,51.23371707998924
6607,57.62,437,477,774,224,890,904,240,1891.0,-0.7785987157806644,51.23371707998923
6608,132.577,363,481,792,119,907,922,132,1891.0,-0.7772620656248178,51.23371707998924
6609,74.685,365,483,849,0,965,979,134,1891.0,-0.775925415468971,51.23371707998924
6610,20.748,224,532,864,225,1081,1096,198,1891.0,-0.7745887653131245,51.23371707998923
6611,11.008,665,416,361,385,643,1767,367,1891.0,-0.7625589139105048,51.23371707998924
6612,17.884,665,416,361,385,643,1767,367,1891.0,-0.7612222637546582,51.23371707998923
6613,5.84,600,344,397,308,350,1474,302,1891.0,-0.7598856135988116,51.23371707998923
6614,0.951,710,225,516,189,240,1364,412,1891.0,-0.7585489634429649,51.23371707998924
6615,68.581,815,57,545,57,201,1325,555,1891.0,-0.7572123132871182,51.233717079989226
6616,110.753,851,110,566,110,222,1346,646,1891.0,-0.7558756631312715,51.23371707998924
6617,92.008,911,194,627,194,283,1407,731,1891.0,-0.7545390129754249,51.23371707998924
6618,82.935,967,263,682,263,338,1462,819,1891.0,-0.7532023628195783,51.23371707998923
6619,34.104,1035,331,750,331,407,1530,883,1891.0,-0.7518657126637317,51.23371707998923
6620,37.796,807,411,520,499,502,1259,1143,1891.0,-0.750529062507885,51.233717079989226
6621,55.9,896,486,608,588,591,1347,1213,1891.0,-0.7491924123520385,51.23371707998924
6622,23.96,1020,610,732,712,715,1471,1335,1891.0,-0.7478557621961919,51.23371707998923
6623,1.264,490,271,800,325,783,1144,1033,1891.0,-0.7465191120403452,51.23371707998923
6624,0.0,514,295,823,348,806,1168,1056,1891.0,-0.7451824618844984,51.23371707998924
6625,0.0,148,150,679,204,662,1023,912,1891.0,-0.7438458117286517,51.23371707998923
6626,0.0,1042,766,850,489,554,498,498,1891.0,-0.735825910793572,51.233717079989226
6627,42.059,1041,765,849,488,553,497,497,1891.0,-0.7344892606377253,51.23371707998924
6628,95.919,685,438,685,208,305,180,370,1891.0,-0.7331526104818787,51.23371707998923
6629,65.732,622,374,622,85,280,116,345,1891.0,-0.7318159603260321,51.23371707998924
6630,75.758,588,354,588,87,323,192,421,1891.0,-0.7304793101701857,51.23371707998924
6631,36.049,425,292,425,263,474,306,596,1891.0,-0.7291426600143389,51.23371707998923
6632,17.627,419,220,419,371,606,220,704,1891.0,-0.7278060098584923,51.23371707998924
6633,11.779,198,0,198,512,591,0,769,1891.0,-0.7251327095467991,51.23371707998924
6634,6.104,330,132,268,644,723,132,901,1891.0,-0.7237960593909525,51.23371707998924
6635,57.416,399,301,800,264,1358,1272,262,1891.0,-0.8013111601544164,51.23275288876441
6636,38.561,283,185,815,273,1242,1156,366,1891.0,-0.7999745276937752,51.232752888764416
6637,20.586,223,126,755,213,1182,1096,426,1891.0,-0.798637895233134,51.2327528887644
6638,4.085,49,51,704,139,1107,1021,603,1891.0,-0.7973012627724928,51.23275288876442
6639,12.373,66,154,816,251,1041,955,716,1891.0,-0.7959646303118516,51.232752888764416
6640,14.593,77,191,895,290,1030,944,768,1891.0,-0.7946279978512103,51.232752888764416
6641,22.037,209,355,998,369,954,868,845,1891.0,-0.793291365390569,51.23275288876441
6642,48.001,244,320,962,333,918,832,809,1891.0,-0.7919547329299278,51.232752888764416
6643,70.566,384,250,834,270,790,704,693,1891.0,-0.7906181004692866,51.23275288876441
6644,48.492,426,302,853,169,809,723,809,1891.0,-0.7892814680086452,51.232752888764416
6645,62.499,343,590,790,200,854,868,991,1891.0,-0.7879448355480041,51.2327528887644
6646,49.599,343,589,735,199,799,813,935,1891.0,-0.7866082030873628,51.23275288876442
6647,9.136,382,605,602,195,666,680,760,1891.0,-0.7852715706267215,51.232752888764416
6648,12.779,532,629,695,300,759,773,603,1891.0,-0.7825983057054391,51.23275288876441
6649,3.423,568,426,772,377,836,850,488,1891.0,-0.7812616732447978,51.232752888764416
6650,1.706,574,432,768,373,832,846,493,1891.0,-0.7799250407841567,51.23275288876441
6651,56.2,361,402,821,148,965,979,176,1891.0,-0.7785884083235154,51.23275288876441
6652,16.17,247,292,719,31,1050,1064,59,1891.0,-0.7772517758628742,51.2327528887644
6653,133.947,134,445,874,124,1087,1101,96,1891.0,-0.7759151434022331,51.232752888764416
6654,18.281,224,532,864,225,1081,1096,198,1891.0,-0.7745785109415917,51.23275288876441
6655,22.712,363,394,725,364,1220,1234,336,1891.0,-0.7732418784809506,51.232752888764416
6656,27.872,423,379,711,472,1281,1342,444,1891.0,-0.7719052460203095,51.23275288876441
6657,33.065,542,279,611,578,1181,1449,550,1891.0,-0.7705686135596682,51.232752888764416
6658,14.73,647,110,441,531,1011,1518,566,1891.0,-0.769231981099027,51.232752888764416
6659,19.636,693,5,331,421,898,1634,456,1891.0,-0.7678953486383856,51.23275288876441
6660,14.811,659,36,297,387,883,1665,422,1891.0,-0.7665587161777445,51.232752888764416
6661,30.607,535,172,173,263,752,1801,298,1891.0,-0.7652220837171032,51.23275288876442
6662,27.025,628,249,266,356,652,1776,376,1891.0,-0.7638854512564621,51.23275288876441
6663,33.511,543,295,202,272,549,1673,273,1891.0,-0.7625488187958207,51.23275288876441
6664,57.527,465,367,944,408,1423,1337,405,1891.0,-0.8013005524768119,51.23178870497961
6665,30.532,480,382,959,423,1438,1352,420,1891.0,-0.7999639377103783,51.2317887049796
6666,8.628,325,440,1103,538,1279,1193,1002,1891.0,-0.7972907081775116,51.2317887049796
6667,24.627,162,277,940,375,1116,1030,840,1891.0,-0.795954093411078,51.2317887049796
6668,21.504,174,288,951,387,1116,1030,851,1891.0,-0.7946174786446447,51.23178870497961
6669,40.092,152,349,1012,421,1010,924,891,1891.0,-0.7932808638782113,51.2317887049796
6670,39.796,457,442,1026,312,982,896,873,1891.0,-0.7919442491117781,51.23178870497961
6671,51.432,372,358,941,238,897,811,789,1891.0,-0.7906076343453446,51.2317887049796
6672,83.522,354,365,915,97,871,785,866,1891.0,-0.7892710195789112,51.23178870497961
6673,72.764,267,462,873,61,936,883,963,1891.0,-0.7879344048124779,51.2317887049796
6674,44.401,113,527,822,216,979,993,977,1891.0,-0.7865977900460447,51.2317887049796
6675,27.904,304,527,682,269,745,759,831,1891.0,-0.785261175279611,51.2317887049796
6676,54.287,273,496,791,408,879,893,946,1891.0,-0.7839245605131777,51.2317887049796
6677,57.529,427,577,857,449,920,934,1000,1891.0,-0.7825879457467444,51.2317887049796
6678,6.887,220,246,666,85,1103,1118,112,1891.0,-0.7785781014474442,51.2317887049796
6679,13.642,218,260,685,66,1084,1099,93,1891.0,-0.7772414866810108,51.23178870497961
6680,17.959,118,479,910,174,1138,1152,147,1891.0,-0.7759048719145775,51.2317887049796
6681,4.035,118,496,925,174,1138,1152,147,1891.0,-0.7745682571481441,51.23178870497961
6682,0.107,499,505,836,575,1406,1446,547,1891.0,-0.7732316423817107,51.23178870497961
6683,12.492,409,414,746,485,1316,1355,457,1891.0,-0.7718950276152774,51.23178870497961
6684,22.577,542,292,623,591,1193,1461,563,1891.0,-0.7705584128488439,51.2317887049796
6685,2.189,693,5,331,421,903,1634,456,1891.0,-0.7678851833159772,51.2317887049796
6686,48.871,665,142,304,394,907,1772,428,1891.0,-0.7665485685495437,51.23178870497961
6687,47.209,684,161,322,412,926,1790,447,1891.0,-0.7652119537831104,51.2317887049796
6688,57.164,458,209,96,186,745,1863,221,1891.0,-0.7638753390166769,51.23178870497961
6689,58.155,478,229,116,206,632,1756,241,1891.0,-0.7625387242502437,51.23178870497961
6690,10.534,680,560,1032,510,1620,1534,455,1891.0,-0.8012899453971942,51.23082452863447
6691,1.127,560,462,1039,503,1519,1433,500,1891.0,-0.7999533483239712,51.23082452863447
6692,0.03,197,311,974,410,1150,1064,874,1891.0,-0.7959435571043019,51.230824528634464
6693,3.078,294,408,1071,506,1228,1142,971,1891.0,-0.7946069600310789,51.23082452863448
6694,26.347,402,517,1114,450,1121,1035,1012,1891.0,-0.793270362957856,51.23082452863447
6695,53.278,499,508,1028,369,1048,962,940,1891.0,-0.7919337658846332,51.230824528634464
6696,24.991,495,581,920,296,1121,1035,1012,1891.0,-0.7905971688114102,51.23082452863447
6697,38.89,374,481,810,110,1069,983,922,1891.0,-0.789260571738187,51.23082452863447
6698,58.928,397,531,989,68,1037,951,1032,1891.0,-0.7879239746649641,51.23082452863447
6699,39.445,47,440,739,332,1017,1032,890,1891.0,-0.786587377591741,51.23082452863447
6700,36.281,161,451,748,312,914,929,901,1891.0,-0.785250780518518,51.23082452863448
6701,61.684,308,478,773,456,941,955,928,1891.0,-0.7839141834452951,51.23082452863447
6702,15.413,371,522,816,505,976,990,972,1891.0,-0.782577586372072,51.23082452863447
6703,3.888,288,149,572,178,1116,1130,206,1891.0,-0.7785677951524032,51.23082452863447
6704,0.229,17,445,876,258,1222,1236,231,1891.0,-0.775894601005957,51.23082452863447
6705,0.0,20,448,878,278,1242,1256,251,1891.0,-0.7745580039327339,51.23082452863447
6706,0.0,533,538,870,609,1440,1480,581,1891.0,-0.7732214068595109,51.23082452863448
6707,8.583,227,597,929,485,1449,1463,458,1891.0,-0.7718848097862878,51.23082452863447
6708,39.909,574,486,372,463,1018,2139,497,1891.0,-0.766538421493396,51.23082452863447
6709,45.402,521,373,260,350,906,2027,385,1891.0,-0.7652018244201729,51.23082452863447
6710,12.9,439,368,255,345,900,2022,363,1891.0,-0.76386522734695,51.23082452863447
6711,59.305,271,23,105,20,683,1807,39,1891.0,-0.7625286302737269,51.23082452863447
6712,0.0,766,669,1173,669,1725,1639,563,1891.0,-0.8012793389155147,51.22986035972863
6713,0.0,430,544,1207,643,1383,1297,1107,1891.0,-0.7959330213914746,51.22986035972863
6714,0.104,374,488,1142,479,1149,1063,1041,1891.0,-0.7932598626294546,51.22986035972864
6715,9.413,530,590,986,362,1130,1044,1021,1891.0,-0.7919232832484444,51.22986035972864
6716,43.259,530,590,986,362,1130,1044,1021,1891.0,-0.7905867038674346,51.22986035972863
6717,19.963,427,552,852,228,1186,1100,1002,1891.0,-0.7892501244864246,51.22986035972863
6718,50.792,224,349,649,272,1011,1144,799,1891.0,-0.7879135451054144,51.22986035972863
6719,59.372,73,374,674,379,1026,1076,824,1891.0,-0.7865769657244046,51.22986035972864
6720,75.67,162,384,684,443,1046,1115,835,1891.0,-0.7852403863433942,51.22986035972863
6721,76.841,350,386,681,498,1010,1039,837,1891.0,-0.7839038069623843,51.22986035972864
6722,39.833,412,474,769,560,1076,1090,924,1891.0,-0.7825672275813742,51.22986035972863
6723,8.1,223,19,421,329,1146,1269,357,1891.0,-0.7798940688193541,51.22986035972864
6724,13.83,26,177,457,498,1156,1452,526,1891.0,-0.7785574894383441,51.22986035972863
6725,0.299,0,203,483,525,1182,1478,552,1891.0,-0.777220910057334,51.22986035972863
6726,0.0,227,597,929,485,1449,1463,458,1891.0,-0.7732111719143041,51.22986035972863
6727,0.0,227,597,929,485,1449,1463,458,1891.0,-0.7718745925332939,51.22986035972863
6728,10.288,415,402,506,423,1086,2210,340,1891.0,-0.7678648543902639,51.22986035972864
6729,21.024,459,446,475,467,1088,2210,384,1891.0,-0.7665282750092539,51.22986035972863
6730,21.549,452,438,449,460,1081,2203,376,1891.0,-0.7651916956282439,51.22986035972863
6731,2.454,184,93,197,114,778,1901,133,1891.0,-0.7638551162472338,51.22986035972863
6732,40.538,152,121,234,151,814,1938,170,1891.0,-0.7625185368662238,51.22986035972863
6733,0.0,767,669,1174,670,1726,1640,563,1891.0,-0.8012687330317249,51.22889619826174
6734,0.0,431,546,1209,644,1385,1299,1108,1891.0,-0.7959224862725471,51.22889619826174
6735,5.831,581,705,1005,381,1147,1254,1003,1891.0,-0.7905762395133697,51.22889619826174
6736,3.078,159,284,584,336,946,1136,735,1891.0,-0.7865665544439868,51.22889619826174
6737,27.589,321,134,430,498,797,1158,585,1891.0,-0.7852299927541924,51.22889619826174
6738,6.44,422,233,504,599,895,1256,683,1891.0,-0.783893431064398,51.22889619826174
6739,3.327,76,441,15,766,1077,1594,793,1891.0,-0.7798837459950148,51.22889619826175
6740,6.739,117,86,366,407,1065,1361,435,1891.0,-0.7785471843052205,51.22889619826174
6741,0.968,532,705,676,790,1335,1768,591,1891.0,-0.7732009375460429,51.22889619826174
6742,4.366,466,770,742,725,1400,1703,526,1891.0,-0.7718643758562486,51.22889619826174
6743,26.36,276,479,583,501,1164,2106,123,1891.0,-0.7678546907868653,51.22889619826174
6744,48.156,336,431,535,453,1116,2149,222,1891.0,-0.7665181290970711,51.22889619826174
6745,22.238,149,294,402,320,983,2107,147,1891.0,-0.7651815674072767,51.22889619826174
6746,6.168,19,251,364,282,945,2069,186,1891.0,-0.7638450057174823,51.22889619826174
6747,7.185,100,147,260,178,841,1965,197,1891.0,-0.7625084440276878,51.228896198261744
6748,0.0,819,944,1244,620,1379,1493,1236,1891.0,-0.7932388637483194,51.22793204423342
6749,0.0,714,782,1138,514,1014,1387,870,1891.0,-0.7905657757491675,51.22793204423342
6750,0.0,714,782,1138,514,1014,1387,870,1891.0,-0.7892292317495915,51.22793204423343
6751,21.985,423,20,534,507,723,1263,511,1891.0,-0.7852195997508635,51.22793204423342
6752,6.41,304,190,365,556,852,1213,640,1891.0,-0.7838830557512879,51.22793204423343
6753,8.968,218,275,279,642,938,1299,726,1891.0,-0.7825465117517117,51.22793204423342
6754,0.088,33,332,93,656,968,1484,684,1891.0,-0.7812099677521358,51.22793204423342
6755,2.647,74,290,135,626,927,1520,654,1891.0,-0.7798734237525599,51.22793204423343
6756,6.311,144,254,204,591,884,1545,619,1891.0,-0.778536879752984,51.227932044233434
6757,8.36,10,695,193,735,1324,2010,1084,1891.0,-0.7772003357534081,51.22793204423342
6758,8.698,74,614,85,654,1243,1929,1003,1891.0,-0.775863791753832,51.227932044233434
6759,4.881,129,605,17,645,1235,1920,994,1891.0,-0.7745272477542563,51.22793204423343
6760,0.023,532,705,676,790,1335,1768,591,1891.0,-0.7731907037546802,51.22793204423343
6761,13.343,535,808,810,774,1468,1771,457,1891.0,-0.7718541597551045,51.22793204423342
6762,8.915,517,721,824,742,1405,1864,364,1891.0,-0.7705176157555284,51.22793204423343
6763,5.564,432,636,740,657,1320,1949,279,1891.0,-0.7691810717559524,51.22793204423343
6764,7.66,264,468,572,489,1153,2145,83,1891.0,-0.7678445277563763,51.22793204423342
6765,28.818,207,415,519,436,1100,2217,92,1891.0,-0.7665079837568004,51.22793204423343
6766,15.449,179,391,495,413,1076,2200,82,1891.0,-0.7651714397572247,51.22793204423342
6767,13.226,118,367,480,397,1061,2184,161,1891.0,-0.7638348957576486,51.22793204423343
6768,35.905,396,609,713,630,1218,2342,293,1891.0,-0.7624983517580729,51.22793204423343
6769,0.0,485,947,1422,918,1511,1494,811,1891.0,-0.8012475230576167,51.22696789764335
6770,0.0,714,782,1138,514,1014,1387,870,1891.0,-0.7905553125747793,51.22696789764334
6771,0.0,714,782,1138,514,1014,1387,870,1891.0,-0.7892187862644247,51.22696789764334
6772,12.002,496,134,607,394,610,1335,398,1891.0,-0.7852092073333607,51.226967897643334
6773,1.771,536,199,639,360,581,1373,369,1891.0,-0.783872681023006,51.22696789764335
6774,0.798,365,0,426,786,1014,1779,802,1891.0,-0.7825361547126515,51.22696789764334
6775,0.0,365,0,426,786,1014,1779,802,1891.0,-0.7811996284022967,51.22696789764335
6776,0.0,176,196,236,598,826,1589,614,1891.0,-0.779863102091942,51.22696789764335
6777,0.897,182,260,243,632,890,1590,662,1891.0,-0.7785265757815876,51.22696789764334
6778,6.762,122,578,236,671,1207,1894,968,1891.0,-0.7771900494712327,51.22696789764334
6779,8.709,69,506,127,547,1136,1822,896,1891.0,-0.7758535231608781,51.22696789764334
6780,4.105,126,588,17,628,1217,1903,977,1891.0,-0.7745169968505234,51.22696789764334
6781,1.501,564,806,839,748,1491,1800,450,1891.0,-0.7718439442298143,51.226967897643334
6782,19.332,567,782,842,772,1467,1803,425,1891.0,-0.7705074179194595,51.22696789764334
6783,4.009,497,701,805,722,1386,1884,344,1891.0,-0.7691708916091049,51.226967897643355
6784,6.489,393,596,700,618,1281,2405,268,1891.0,-0.7678343652987502,51.226967897643334
6785,8.074,281,494,598,515,1178,2302,178,1891.0,-0.7664978389883955,51.22696789764334
6786,24.821,275,487,591,509,1172,2296,172,1891.0,-0.7651613126780408,51.226967897643334
6787,6.214,275,487,591,509,1172,2296,172,1891.0,-0.7638247863676862,51.226967897643334
6788,22.303,376,588,692,610,1241,2365,273,1891.0,-0.7624882600573315,51.22696789764335
6789,0.0,157,957,1183,728,1183,1166,1072,1891.0,-0.7972273931008095,51.22600375849112
6790,0.0,780,655,1286,752,886,1625,743,1891.0,-0.7905448499901573,51.22600375849113
6791,7.64,536,174,647,354,570,1376,358,1891.0,-0.7851988155016355,51.22600375849112
6792,5.4,528,185,597,286,507,1445,295,1891.0,-0.783862306879505,51.226003758491125
6793,6.809,442,126,502,335,563,1531,351,1891.0,-0.7825257982573744,51.22600375849112
6794,0.0,315,238,376,457,685,1655,474,1891.0,-0.781189289635244,51.22600375849111
6795,0.012,322,236,383,455,683,1661,471,1891.0,-0.7798527810131135,51.22600375849112
6796,11.489,122,436,169,502,1066,1751,825,1891.0,-0.7771797637688528,51.22600375849111
6797,4.405,154,493,184,473,1123,1808,882,1891.0,-0.7758432551467224,51.22600375849112
6798,0.622,227,564,274,371,1194,1891,923,1891.0,-0.774506746524592,51.22600375849112
6799,0.0,653,868,699,513,1380,2035,684,1891.0,-0.771833729280331,51.22600375849112
6800,0.322,653,868,699,513,1380,2035,684,1891.0,-0.7704972206582005,51.22600375849112
6801,0.558,557,761,772,585,1446,2321,421,1891.0,-0.7691607120360701,51.22600375849112
6802,6.175,436,649,753,670,1334,2458,333,1891.0,-0.7678242034139396,51.22600375849112
6803,6.195,434,647,750,668,1331,2455,331,1891.0,-0.7664876947918091,51.22600375849112
6804,8.122,378,591,695,612,1276,2400,276,1891.0,-0.7651511861696787,51.22600375849112
6805,0.0,330,1038,1175,604,1175,1158,1064,1891.0,-0.8012263154744785,51.22503962677639
6806,0.0,214,1103,1240,719,1240,1223,1082,1891.0,-0.7998898245395752,51.2250396267764
6807,0.0,35,923,1061,606,1061,1044,950,1891.0,-0.7972168426697689,51.22503962677639
6808,0.0,827,702,1333,807,933,1798,790,1891.0,-0.7932073698650595,51.22503962677639
6809,0.0,717,592,1223,696,823,1688,680,1891.0,-0.7918708789301561,51.2250396267764
6810,0.0,717,592,1223,696,823,1688,680,1891.0,-0.7905343879952528,51.22503962677641
6811,0.0,515,390,1021,495,621,1499,478,1891.0,-0.7891978970603496,51.22503962677639
6812,0.0,515,390,1021,495,621,1499,478,1891.0,-0.7878614061254463,51.2250396267764
6813,1.501,421,83,677,171,399,1572,187,1891.0,-0.7838519333207368,51.22503962677641
6814,0.0,489,28,586,247,475,1607,263,1891.0,-0.7825154423858336,51.22503962677639
6815,0.0,442,116,503,335,563,1552,351,1891.0,-0.7811789514509302,51.22503962677639
6816,20.398,567,890,614,697,1520,2218,1250,1891.0,-0.7785059695811237,51.22503962677639
6817,13.419,479,802,526,609,1432,2130,1162,1891.0,-0.7771694786462207,51.2250396267764
6818,3.883,316,639,363,446,1269,1967,999,1891.0,-0.7758329877113175,51.2250396267764
6819,0.0,372,582,419,226,1185,2023,782,1891.0,-0.7744964967764141,51.22503962677639
6820,1.034,380,583,426,225,1185,2032,779,1891.0,-0.7731600058415109,51.2250396267764
6821,0.0,603,818,649,463,1330,2085,634,1891.0,-0.7718235149066078,51.22503962677639
6822,0.693,595,799,733,547,1414,2283,459,1891.0,-0.7704870239717048,51.22503962677641
6823,2.257,558,762,779,592,1447,2342,422,1891.0,-0.7691505330368014,51.22503962677641
6824,9.992,483,696,800,717,1381,2504,380,1891.0,-0.7651410602320917,51.22503962677639
6825,5.601,566,778,882,800,1463,2587,463,1891.0,-0.7638045692971883,51.22503962677639
6826,0.0,330,1038,1175,604,1175,1158,1064,1891.0,-0.8012157125794012,51.22407550249883
6827,0.017,17,941,1079,623,1078,1062,968,1891.0,-0.7972062928333825,51.22407550249883
6828,0.0,515,390,1021,495,621,1499,478,1891.0,-0.789187453341345,51.22407550249883
6829,0.0,491,366,997,470,597,1475,454,1891.0,-0.7878509800926722,51.224075502498835
6830,2.991,343,152,718,92,321,1596,109,1891.0,-0.7838415603466534,51.224075502498835
6831,14.852,399,70,685,148,376,1625,165,1891.0,-0.7825050870979805,51.224075502498835
6832,4.528,742,273,822,336,720,1852,508,1891.0,-0.7798321406006345,51.22407550249882
6833,14.938,479,802,526,609,1432,2130,1162,1891.0,-0.778495667351962,51.22407550249883
6834,0.604,479,802,526,609,1432,2130,1162,1891.0,-0.777159194103289,51.22407550249883
6835,0.205,550,416,597,60,1019,2086,622,1891.0,-0.775822720854616,51.22407550249883
6836,19.619,766,667,813,297,1171,2238,774,1891.0,-0.7744862476059431,51.22407550249884
6837,20.894,583,634,630,264,1132,2199,732,1891.0,-0.7731497743572702,51.224075502498835
6838,9.818,539,753,586,382,1248,2170,662,1891.0,-0.7718133011085975,51.22407550249883
6839,22.293,647,844,694,474,1339,2298,751,1891.0,-0.7704768278599243,51.22407550249883
6840,2.408,728,926,775,555,1421,2379,832,1891.0,-0.7691403546112516,51.22407550249882
6841,2.861,562,775,879,796,1460,2583,459,1891.0,-0.765130934865233,51.224075502498835
6842,6.36,620,833,937,854,1518,2641,517,1891.0,-0.76379446161656,51.22407550249884
6843,0.0,248,710,848,392,847,830,737,1891.0,-0.7985321991550406,51.22311138565805
6844,0.0,248,710,848,392,847,830,737,1891.0,-0.7971957435916013,51.22311138565804
6845,1.573,387,262,893,366,493,1377,349,1891.0,-0.7878405546475253,51.22311138565803
6846,44.307,387,32,759,209,359,1394,212,1891.0,-0.7865040990840861,51.223111385658044
6847,15.573,352,140,723,101,316,1436,105,1891.0,-0.7851676435206465,51.22311138565804
6848,24.842,257,230,623,12,216,1495,15,1891.0,-0.7838311879572072,51.223111385658044
6849,54.584,59,409,702,190,329,1604,207,1891.0,-0.7824947323937678,51.22311138565804
6850,19.607,0,469,642,250,389,1664,267,1891.0,-0.7811582768303282,51.223111385658044
6851,1.232,742,273,822,336,720,1852,508,1891.0,-0.7798218212668889,51.22311138565805
6852,0.487,768,186,721,194,793,1860,411,1891.0,-0.7784853657034496,51.22311138565804
6853,1.753,684,300,731,81,898,1965,501,1891.0,-0.7771489101400102,51.22311138565804
6854,3.991,599,403,646,43,1001,2067,604,1891.0,-0.7758124545765707,51.22311138565804
6855,0.0,248,710,848,392,847,830,737,1891.0,-0.7985216328235792,51.22214727625369
6856,0.0,248,710,848,392,847,830,737,1891.0,-0.7971851949443766,51.22214727625369
6857,0.017,132,274,643,311,451,1139,317,1891.0,-0.7891665676691608,51.2221472762537
6858,1.839,232,195,742,219,426,1238,283,1891.0,-0.7878301297899583,51.222147276253686
6859,38.898,305,114,745,218,345,1312,201,1891.0,-0.7864936919107556,51.222147276253686
6860,52.507,352,351,459,187,50,1323,177,1891.0,-0.7851572540315528,51.22214727625369
6861,35.836,328,369,452,180,70,1343,177,1891.0,-0.7838208161523501,51.22214727625369
6862,70.134,436,453,433,284,159,1405,280,1891.0,-0.7824843782731475,51.22214727625369
6863,48.544,46,489,595,297,424,1699,314,1891.0,-0.7811479403939449,51.22214727625369
6864,17.984,746,94,634,294,706,1773,326,1891.0,-0.7798115025147422,51.22214727625369
6865,0.504,766,142,655,256,727,1793,346,1891.0,-0.7784750646355397,51.2221472762537
6866,6.387,744,545,791,16,1142,2209,745,1891.0,-0.7771386267563372,51.2221472762537
6867,8.064,776,433,802,251,885,1952,488,1891.0,-0.7758021888771343,51.22214727625369
6868,1.881,665,786,924,46,780,778,688,1891.0,-0.8011839074795478,51.221183174285414
6869,0.0,395,564,701,246,701,684,591,1891.0,-0.7985110670876227,51.221183174285414
6870,0.325,6,135,504,352,312,1013,273,1891.0,-0.7904925459118475,51.22118317428542
6871,20.099,93,235,602,356,410,1100,268,1891.0,-0.7891561257158849,51.22118317428542
6872,71.106,143,284,649,312,458,1149,307,1891.0,-0.7878197055199224,51.221183174285414
6873,49.358,417,335,543,4,244,1122,201,1891.0,-0.7864832853239598,51.22118317428541
6874,43.136,455,293,526,107,170,1228,283,1891.0,-0.7851468651279973,51.221183174285414
6875,38.821,474,506,315,338,94,1427,339,1891.0,-0.7838104449320347,51.221183174285414
6876,65.112,298,345,344,326,221,1483,338,1891.0,-0.7824740247360722,51.22118317428542
6877,71.118,171,383,470,395,348,1609,367,1891.0,-0.7811376045401095,51.22118317428542
6878,85.222,788,0,676,370,748,1815,368,1891.0,-0.7798011843441471,51.22118317428541
6879,1.395,645,173,534,368,606,1673,222,1891.0,-0.7784647641481844,51.22118317428542
6880,2.974,779,287,667,372,739,1806,343,1891.0,-0.7771283439522217,51.221183174285414
6881,9.755,817,464,840,309,912,1979,515,1891.0,-0.7757919237562595,51.22118317428542
6882,0.633,637,757,895,17,809,806,717,1891.0,-0.8011733069745601,51.22021907975284
6883,0.0,285,405,543,333,542,526,432,1891.0,-0.7985005019471221,51.22021907975285
6884,4.045,326,319,303,208,311,706,435,1891.0,-0.793154891892246,51.22021907975284
6885,10.167,210,207,419,149,237,823,350,1891.0,-0.791818489378527,51.220219079752844
6886,28.838,101,109,478,257,286,932,252,1891.0,-0.790482086864808,51.220219079752844
6887,78.529,70,71,440,288,248,963,214,1891.0,-0.7891456843510889,51.22021907975284
6888,77.494,296,238,442,116,250,1021,100,1891.0,-0.7878092818373698,51.22021907975284
6889,35.596,415,337,542,2,246,1121,199,1891.0,-0.7864728793236507,51.22021907975283
6890,54.218,539,500,131,560,211,1270,474,1891.0,-0.7851364768099316,51.22021907975284
6891,46.279,484,497,232,408,70,1371,403,1891.0,-0.7838000742962128,51.22021907975285
6892,68.302,410,457,277,419,156,1415,415,1891.0,-0.7824636717824935,51.22021907975284
6893,27.983,240,314,402,379,279,1540,307,1891.0,-0.7811272692687746,51.22021907975284
6894,15.051,559,225,448,451,520,1586,186,1891.0,-0.7797908667550555,51.220219079752844
6895,21.317,625,242,513,445,585,1652,147,1891.0,-0.7784544642413366,51.22021907975284
6896,21.581,801,295,689,496,761,1682,388,1891.0,-0.7771180617276177,51.22021907975285
6897,0.598,859,416,740,526,812,1814,410,1891.0,-0.7757816592138986,51.22021907975284
6898,0.12,492,613,750,126,728,717,623,1891.0,-0.8011627070669729,51.21925499265562
6899,0.0,116,237,374,357,374,357,264,1891.0,-0.7998263222345006,51.21925499265562
6900,0.0,285,405,543,333,542,526,432,1891.0,-0.7984899374020288,51.21925499265563
6901,0.06,98,383,159,354,304,503,407,1891.0,-0.7971535525695569,51.21925499265562
6902,3.455,230,410,127,322,272,530,403,1891.0,-0.7958171677370846,51.21925499265562
6903,72.439,290,435,187,220,332,590,463,1891.0,-0.7944807829046125,51.21925499265563
6904,133.941,305,400,257,202,318,671,446,1891.0,-0.7931443980721405,51.21925499265562
6905,55.124,267,207,372,73,161,765,285,1891.0,-0.7918080132396687,51.21925499265563
6906,48.434,167,85,400,157,208,849,174,1891.0,-0.7904716284071968,51.21925499265562
6907,59.652,141,99,299,148,86,858,85,1891.0,-0.7891352435747245,51.21925499265562
6908,32.174,225,169,272,230,175,947,89,1891.0,-0.7877988587422526,51.21925499265563
6909,30.006,288,250,118,309,247,1019,224,1891.0,-0.7864624739097806,51.21925499265562
6910,36.306,454,416,59,475,220,1185,389,1891.0,-0.7851260890773085,51.21925499265562
6911,17.824,511,427,104,520,214,1243,401,1891.0,-0.7837897042448366,51.21925499265562
6912,14.857,455,250,200,566,272,1339,237,1891.0,-0.7824533194123645,51.21925499265562
6913,12.387,430,162,314,542,386,1453,156,1891.0,-0.7811169345798926,51.21925499265562
6914,12.16,496,189,377,587,449,1516,51,1891.0,-0.7797805497474203,51.219254992655614
6915,16.372,659,104,548,697,620,1481,346,1891.0,-0.7784441649149485,51.21925499265562
6916,5.675,724,418,606,748,678,1744,176,1891.0,-0.7771077800824766,51.21925499265563
6917,0.0,864,557,745,887,817,1884,315,1891.0,-0.7757713952500046,51.21925499265562
6918,4.373,466,295,573,244,246,244,154,1891.0,-0.801152107756737,51.21829091299341
6919,0.0,116,237,374,357,374,357,264,1891.0,-0.7998157406045154,51.2182909129934
6920,0.009,0,285,258,404,354,405,311,1891.0,-0.7984793734522939,51.2182909129934
6921,29.649,71,356,186,333,283,477,381,1891.0,-0.7971430063000727,51.21829091299341
6922,83.596,157,316,59,248,198,457,319,1891.0,-0.7958066391478513,51.21829091299341
6923,88.703,216,416,150,135,258,569,389,1891.0,-0.7944702719956297,51.2182909129934
6924,65.131,214,325,227,40,233,581,362,1891.0,-0.7931339048434082,51.2182909129934
6925,34.567,233,292,320,3,161,644,285,1891.0,-0.791797537691187,51.21829091299342
6926,77.007,187,201,389,38,57,748,181,1891.0,-0.7904611705389657,51.21829091299341
6927,60.439,35,206,371,183,94,894,180,1891.0,-0.7891248033867442,51.2182909129934
6928,49.96,306,268,269,328,265,1014,242,1891.0,-0.7877884362345228,51.21829091299342
6929,38.684,432,394,229,453,390,1124,367,1891.0,-0.7864520690823013,51.21829091299341
6930,48.315,502,464,171,523,371,1194,438,1891.0,-0.7851157019300798,51.2182909129934
6931,36.336,574,536,167,595,366,1306,510,1891.0,-0.7837793347778585,51.21829091299342
6932,23.458,564,359,310,676,382,1448,338,1891.0,-0.7824429676256371,51.21829091299341
6933,14.755,564,359,310,676,382,1448,338,1891.0,-0.7811066004734156,51.21829091299341
6934,1.211,577,26,464,689,536,1374,254,1891.0,-0.7797702333211942,51.2182909129934
6935,0.0,684,132,570,769,642,1408,361,1891.0,-0.7784338661689728,51.2182909129934
6936,0.0,659,104,548,697,620,1481,346,1891.0,-0.7770974990167514,51.2182909129934
6937,31.36,427,256,535,206,208,206,116,1891.0,-0.8011415090438034,51.217326840765836
6938,6.55,172,120,394,241,258,241,147,1891.0,-0.7998051595708362,51.217326840765836
6939,54.19,226,58,334,178,195,178,84,1891.0,-0.7984688100978692,51.217326840765836
6940,88.193,220,100,204,206,209,297,240,1891.0,-0.7971324606249022,51.21732684076585
6941,28.824,84,257,124,133,83,352,157,1891.0,-0.7957961111519348,51.217326840765836
6942,25.463,22,301,115,113,65,395,196,1891.0,-0.7944597616789677,51.217326840765836
6943,17.537,120,243,234,129,184,528,329,1891.0,-0.7931234122060006,51.217326840765836
6944,54.836,227,250,368,265,316,675,476,1891.0,-0.7917870627330336,51.217326840765836
6945,44.668,304,319,517,357,407,766,567,1891.0,-0.7904507132600664,51.217326840765836
6946,16.608,350,341,564,403,453,812,613,1891.0,-0.7891143637870992,51.21732684076585
6947,1.678,329,291,275,350,287,999,265,1891.0,-0.787778014314132,51.217326840765836
6948,9.163,432,394,229,453,390,1124,367,1891.0,-0.7864416648411647,51.217326840765836
6949,13.867,432,394,229,453,390,1124,367,1891.0,-0.7851053153681976,51.217326840765836
6950,0.0,847,295,733,871,805,1213,524,1891.0,-0.7810962669492962,51.217326840765836
6951,0.0,750,198,636,862,708,1310,427,1891.0,-0.7797599174763291,51.217326840765836
6952,0.0,750,198,636,862,708,1310,427,1891.0,-0.7784235680033619,51.217326840765836
6953,68.559,453,282,454,160,165,165,112,1891.0,-0.8011309109281238,51.21636277597253
6954,23.047,320,149,428,89,105,89,9,1891.0,-0.7997945791334149,51.21636277597253
6955,31.927,283,74,299,80,75,160,130,1891.0,-0.7984582473387054,51.21636277597252
6956,21.312,209,180,239,127,126,230,121,1891.0,-0.7971219155439964,51.21636277597251
6957,14.105,97,287,160,100,50,316,117,1891.0,-0.7957855837492871,51.21636277597252
6958,12.668,87,186,293,121,171,526,327,1891.0,-0.7944492519545783,51.21636277597252
6959,37.415,89,142,328,153,203,562,363,1891.0,-0.793112920159869,51.21636277597252
6960,42.016,203,194,412,256,306,666,467,1891.0,-0.7917765883651599,51.21636277597251
6961,12.994,300,256,513,352,403,721,563,1891.0,-0.7904402565704509,51.21636277597253
6962,18.881,708,573,719,79,619,670,587,1891.0,-0.7891039247757415,51.21636277597251
6963,0.0,708,573,719,79,619,670,587,1891.0,-0.7877675929810325,51.21636277597253
6964,1.246,1007,456,894,711,966,1052,684,1891.0,-0.7824222658021961,51.21636277597251
6965,0.104,935,383,821,783,893,1125,612,1891.0,-0.7810859340074869,51.21636277597253
6966,0.0,814,263,701,904,773,1245,491,1891.0,-0.7797496022127777,51.21636277597252
6967,0.0,981,429,867,1005,939,1123,657,1891.0,-0.7784132704180686,51.21636277597251
6968,17.872,370,336,323,45,96,123,37,1891.0,-0.8011203134096494,51.215398718613145
6969,25.168,405,226,385,0,21,23,93,1891.0,-0.7997839992922017,51.21539871861313
6970,28.288,316,180,329,32,11,65,105,1891.0,-0.7984476851747546,51.215398718613145
6971,10.619,211,122,343,28,32,149,73,1891.0,-0.7971113710573072,51.215398718613145
6972,9.661,91,50,437,41,150,276,160,1891.0,-0.7957750569398598,51.21539871861313
6973,20.731,76,55,422,247,297,558,454,1891.0,-0.7944387428224128,51.215398718613145
6974,19.406,180,60,468,293,343,501,418,1891.0,-0.7931024287049653,51.215398718613145
6975,7.147,198,86,425,251,301,561,461,1891.0,-0.791766114587518,51.21539871861314
6976,1.285,532,397,543,96,443,494,411,1891.0,-0.7904298004700708,51.21539871861313
6977,28.048,629,493,640,0,540,591,508,1891.0,-0.7890934863526234,51.215398718613145
6978,14.913,777,642,704,386,671,688,644,1891.0,-0.7877571722351762,51.215398718613145
6979,27.766,792,660,661,428,657,645,635,1891.0,-0.7864208581177289,51.215398718613145
6980,2.872,1007,456,894,711,966,1052,684,1891.0,-0.7824119157653869,51.21539871861314
6981,19.031,1111,559,751,992,1004,992,788,1891.0,-0.7810756016479397,51.21539871861313
6982,11.441,981,429,867,1005,939,1123,657,1891.0,-0.7797392875304925,51.21539871861314
6983,9.458,981,429,867,1005,939,1123,657,1891.0,-0.778402973413045,51.21539871861313
6984,0.992,1462,964,872,1177,1189,1177,1233,1891.0,-0.777066659295598,51.21539871861314
6985,1.648,1233,682,1120,1258,1192,1376,910,1891.0,-0.7757303451781508,51.21539871861314
6986,22.482,224,203,177,69,57,74,132,1891.0,-0.8011097164883302,51.21443466868731
6987,9.929,249,234,202,19,36,54,40,1891.0,-0.7997734200471485,51.21443466868731
6988,15.023,259,232,326,106,96,129,144,1891.0,-0.798437123605967,51.21443466868732
6989,17.201,116,54,414,71,144,238,212,1891.0,-0.7971008271647856,51.21443466868731
6990,37.306,78,38,417,109,210,322,237,1891.0,-0.795764530723604,51.21443466868732
6991,63.507,176,114,451,214,310,401,318,1891.0,-0.7944282342824225,51.214434668687325
6992,0.024,267,178,413,274,312,363,280,1891.0,-0.7930919378412412,51.21443466868732
6993,5.0,319,208,397,258,297,348,265,1891.0,-0.7917556414000594,51.21443466868731
6994,32.555,528,392,530,136,432,483,400,1891.0,-0.7904193449588779,51.21443466868731
6995,11.199,786,654,655,434,651,640,629,1891.0,-0.7864104556353334,51.21443466868732
6996,22.433,1111,559,751,992,1004,992,788,1891.0,-0.7810652698706072,51.21443466868731
6997,11.165,1367,869,777,1082,1093,1082,1138,1891.0,-0.7797289734294257,51.214434668687325
6998,23.921,1410,912,820,1125,1137,1125,1181,1891.0,-0.7783926769882441,51.21443466868731
6999,18.938,1462,964,872,1177,1189,1177,1233,1891.0,-0.7770563805470626,51.21443466868732
7000,12.796,1343,791,1026,1331,1301,1331,1019,1891.0,-0.775720084105881,51.21443466868731
7001,47.611,679,654,809,900,925,1175,781,1891.0,-0.8144619078232365,51.213470626194685
7002,68.75,566,541,700,791,816,1066,672,1891.0,-0.8131256290573246,51.21347062619468
7003,51.367,487,461,621,692,718,985,573,1891.0,-0.8117893502914127,51.21347062619468
7004,52.106,441,415,446,539,565,812,428,1891.0,-0.8104530715255011,51.21347062619468
7005,32.27,403,378,416,498,523,782,390,1891.0,-0.8091167927595894,51.21347062619469
7006,15.124,532,506,328,421,447,694,405,1891.0,-0.8077805139936776,51.213470626194685
7007,46.713,422,335,1,154,179,447,130,1891.0,-0.8064442352277655,51.21347062619468
7008,25.423,389,257,26,75,101,368,92,1891.0,-0.805107956461854,51.21347062619469
7009,40.948,363,105,136,83,58,280,202,1891.0,-0.8037716776959422,51.213470626194685
7010,41.27,268,148,183,132,106,185,243,1891.0,-0.8024353989300305,51.21347062619469
7011,39.705,66,46,36,152,155,183,256,1891.0,-0.8010991201641185,51.213470626194685
7012,28.903,97,90,97,75,108,182,180,1891.0,-0.7997628413982067,51.21347062619468
7013,9.676,160,148,265,87,116,233,197,1891.0,-0.7984265626322947,51.21347062619468
7014,36.327,102,89,310,136,142,303,169,1891.0,-0.7970902838663829,51.21347062619468
7015,43.959,120,16,342,162,238,292,209,1891.0,-0.7957540051004712,51.213470626194685
7016,2.19,125,40,285,146,184,235,152,1891.0,-0.7944177263345595,51.21347062619469
7017,15.371,306,170,312,175,214,265,181,1891.0,-0.7930814475686476,51.21347062619468
7018,43.594,363,230,231,199,227,216,205,1891.0,-0.791745168802736,51.21347062619469
7019,27.466,455,323,200,185,196,185,240,1891.0,-0.7904088900368241,51.21347062619468
7020,45.153,678,652,811,902,928,1177,783,1891.0,-0.814451135353345,51.212506591134904
7021,152.25,612,530,746,837,862,1112,718,1891.0,-0.8131148742617069,51.2125065911349
7022,34.751,381,356,572,625,650,918,506,1891.0,-0.8117786131700693,51.212506591134904
7023,37.419,373,348,495,548,573,841,429,1891.0,-0.8104423520784311,51.212506591134904
7024,66.955,326,300,379,432,458,725,313,1891.0,-0.8091060909867931,51.212506591134904
7025,30.99,224,199,278,331,356,624,212,1891.0,-0.8077698298951551,51.2125065911349
7026,39.464,313,288,81,134,159,426,14,1891.0,-0.8064335688035171,51.212506591134904
7027,60.885,309,283,122,175,200,467,79,1891.0,-0.8050973077118792,51.212506591134904
7028,29.998,409,46,248,195,170,326,314,1891.0,-0.8037610466202411,51.21250659113489
7029,7.377,395,97,234,181,155,312,300,1891.0,-0.8024247855286032,51.212506591134904
7030,16.025,24,45,85,161,155,234,300,1891.0,-0.8010885244369652,51.212506591134904
7031,20.02,148,140,199,61,54,282,280,1891.0,-0.7997522633453273,51.212506591134904
7032,16.447,143,136,194,7,10,235,224,1891.0,-0.7984160022536892,51.212506591134904
7033,22.419,129,140,376,177,188,386,89,1891.0,-0.7970797411620516,51.212506591134904
7034,23.994,25,99,349,210,223,296,187,1891.0,-0.7957434800704134,51.2125065911349
7035,9.051,190,65,203,64,102,154,70,1891.0,-0.7944072189787753,51.212506591134904
7036,32.143,273,144,139,21,44,83,57,1891.0,-0.7930709578871374,51.212506591134904
7037,36.099,333,180,57,43,59,43,104,1891.0,-0.7917346967954996,51.212506591134904
7038,45.936,585,87,178,300,311,300,355,1891.0,-0.7903984357038615,51.2125065911349
7039,29.473,557,59,151,272,284,272,328,1891.0,-0.7890621746122234,51.21250659113489
7040,36.365,676,515,867,920,945,1213,801,1891.0,-0.8144403634904214,51.211542563507585
7041,100.313,659,497,847,902,928,1195,783,1891.0,-0.8131041200720613,51.211542563507585
7042,157.751,530,368,720,773,798,1066,654,1891.0,-0.8117678766537016,51.2115425635076
7043,52.557,493,332,684,736,762,1029,617,1891.0,-0.8104316332353415,51.2115425635076
7044,41.346,143,118,334,387,412,680,268,1891.0,-0.8090953898169814,51.211542563507585
7045,52.248,114,88,298,350,376,643,231,1891.0,-0.8077591463986215,51.2115425635076
7046,14.354,0,25,395,447,473,740,328,1891.0,-0.8064229029802615,51.2115425635076
7047,51.544,268,242,320,373,398,666,254,1891.0,-0.8050866595619013,51.21154256350759
7048,12.89,290,264,391,444,469,737,357,1891.0,-0.8037504161435416,51.2115425635076
7049,0.0,188,209,231,325,318,375,462,1891.0,-0.8024141727251816,51.21154256350759
7050,5.615,412,274,599,394,412,565,193,1891.0,-0.7997416858884614,51.21154256350761
7051,37.578,324,279,500,295,313,500,159,1891.0,-0.7984054424701015,51.2115425635076
7052,34.921,219,230,425,248,263,372,19,1891.0,-0.7970691990517415,51.2115425635076
7053,12.594,193,205,400,248,263,346,0,1891.0,-0.7957329556333815,51.211542563507585
7054,20.967,242,127,288,148,187,235,151,1891.0,-0.7943967122150215,51.21154256350759
7055,37.492,336,210,112,27,67,11,97,1891.0,-0.7930604687966617,51.21154256350761
7056,39.651,401,187,64,107,127,107,171,1891.0,-0.7917242253783013,51.211542563507585
7057,27.809,498,0,91,212,224,212,268,1891.0,-0.7903879819599416,51.2115425635076
7058,40.501,589,91,0,304,316,304,360,1891.0,-0.7890517385415816,51.21154256350759
7059,9.201,592,431,783,836,861,1129,717,1891.0,-0.8144295922344166,51.21057854331242
7060,87.708,570,408,761,813,839,1106,694,1891.0,-0.8130933664883385,51.210578543312415
7061,104.295,448,286,639,691,717,984,572,1891.0,-0.8117571407422609,51.21057854331241
7062,11.93,314,267,505,557,583,850,438,1891.0,-0.810420914996183,51.210578543312415
7063,7.504,213,187,404,456,482,749,337,1891.0,-0.8090846892501053,51.210578543312415
7064,22.816,113,87,424,476,502,769,357,1891.0,-0.8077484635040273,51.21057854331241
7065,25.696,122,96,376,429,454,722,310,1891.0,-0.8064122377579497,51.210578543312415
7066,17.271,213,187,321,373,399,640,254,1891.0,-0.8050760120118718,51.21057854331242
7067,0.253,330,304,382,476,470,527,371,1891.0,-0.803739786265794,51.21057854331241
7068,5.163,575,0,553,563,581,728,356,1891.0,-0.8010673347736385,51.210578543312415
7069,13.823,412,274,599,394,412,565,193,1891.0,-0.7997311090275606,51.210578543312415
7070,41.307,412,274,599,394,412,565,193,1891.0,-0.7983948832814829,51.210578543312415
7071,27.942,406,418,538,117,425,427,187,1891.0,-0.7970586575354051,51.210578543312415
7072,3.135,493,378,480,340,379,417,334,1891.0,-0.7957224317893272,51.210578543312415
7073,45.249,542,416,330,192,273,211,303,1891.0,-0.7943862060432496,51.21057854331242
7074,49.747,568,350,231,259,295,64,339,1891.0,-0.7930499802971717,51.21057854331241
7075,60.817,577,280,230,290,303,290,347,1891.0,-0.7917137545510937,51.210578543312415
7076,56.015,522,206,170,235,248,235,293,1891.0,-0.7903775288050162,51.21057854331242
7077,0.025,562,19,753,806,831,1099,687,1891.0,-0.8144188215852797,51.209614530549004
7078,6.259,492,89,683,736,761,1029,617,1891.0,-0.8130826135104885,51.20961453054901
7079,0.488,405,177,596,648,674,941,529,1891.0,-0.8117464054356972,51.209614530549004
7080,0.013,371,210,562,615,640,908,496,1891.0,-0.8104101973609059,51.20961453054901
7081,11.229,421,395,529,581,607,799,462,1891.0,-0.8077377812113237,51.20961453054902
7082,0.554,168,142,441,493,519,786,374,1891.0,-0.8064015731365323,51.20961453054901
7083,0.016,433,408,509,593,619,766,474,1891.0,-0.8050653650617409,51.20961453054902
7084,3.258,623,170,383,510,751,839,526,1891.0,-0.8023929489121584,51.20961453054902
7085,26.76,575,0,553,563,581,728,356,1891.0,-0.8010567408373673,51.20961453054901
7086,20.066,557,569,705,276,576,586,338,1891.0,-0.7997205327625758,51.20961453054902
7087,16.657,683,513,592,421,569,608,524,1891.0,-0.7983843246877846,51.20961453054902
7088,9.738,466,473,490,37,432,370,247,1891.0,-0.7970481166129934,51.20961453054902
7089,31.108,568,579,566,45,534,472,349,1891.0,-0.7957119085382021,51.20961453054901
7090,13.176,645,551,502,122,574,544,426,1891.0,-0.7943757004634107,51.209614530549025
7091,13.911,734,438,388,235,461,448,505,1891.0,-0.7930394923886196,51.20961453054901
7092,6.96,668,371,322,302,394,381,439,1891.0,-0.7917032843138283,51.209614530549025
7093,75.659,702,155,322,415,429,415,473,1891.0,-0.7903670762390371,51.209614530549004
7094,44.671,729,0,297,442,455,442,499,1891.0,-0.7890308681642456,51.209614530549004
7095,14.496,562,19,753,806,831,1099,687,1891.0,-0.8144080515429624,51.20865052521702
7096,38.606,580,1,771,823,849,1116,704,1891.0,-0.813071861138462,51.20865052521701
7097,0.0,653,628,761,814,839,1031,695,1891.0,-0.8103994803294614,51.20865052521702
7098,0.0,644,619,748,805,830,1005,686,1891.0,-0.809063289924961,51.20865052521701
7099,0.0,549,523,656,709,735,913,590,1891.0,-0.8077270995204607,51.208650525217
7100,0.965,433,408,509,593,619,766,474,1891.0,-0.80639090911596,51.208650525217
7101,3.116,441,357,452,601,627,773,482,1891.0,-0.8050547187114598,51.20865052521702
7102,12.02,533,282,433,605,719,865,574,1891.0,-0.8037185283069599,51.20865052521702
7103,4.414,617,210,343,486,792,816,566,1891.0,-0.8023823379024595,51.20865052521701
7104,7.924,736,361,461,326,707,655,532,1891.0,-0.801046147497959,51.20865052521702
7105,15.06,723,369,454,311,687,640,517,1891.0,-0.7997099570934586,51.20865052521702
7106,23.077,683,513,592,421,569,608,524,1891.0,-0.7983737666889582,51.20865052521701
7107,40.232,631,642,607,96,597,535,412,1891.0,-0.7970375762844578,51.20865052521701
7108,38.862,560,572,570,27,526,464,341,1891.0,-0.7957013858799575,51.20865052521702
7109,16.807,626,570,520,103,593,531,407,1891.0,-0.7943651954754573,51.20865052521701
7110,20.237,814,297,0,594,751,738,795,1891.0,-0.7930290050709569,51.20865052521702
7111,6.74,814,297,0,594,751,738,795,1891.0,-0.7916928146664564,51.20865052521701
7112,17.39,822,103,194,543,557,543,601,1891.0,-0.7903566242619562,51.208650525217
7113,43.864,792,65,232,505,518,505,563,1891.0,-0.7890204338574558,51.20865052521702
7114,14.033,720,177,911,780,989,1166,845,1891.0,-0.8143972821074146,51.20768652731606
7115,3.831,655,0,846,899,924,1191,779,1891.0,-0.8130611093722097,51.20768652731607
7116,0.0,653,628,761,814,839,1031,695,1891.0,-0.8103887639017997,51.20768652731607
7117,0.0,650,624,740,810,836,997,691,1891.0,-0.8090525911665949,51.20768652731607
7118,0.0,728,605,699,888,913,1060,769,1891.0,-0.8077164184313897,51.20768652731606
7119,9.738,451,440,282,547,824,741,679,1891.0,-0.8050440729609798,51.20768652731607
7120,7.477,487,410,317,583,888,777,743,1891.0,-0.8037079002257749,51.20768652731606
7121,27.788,539,288,264,502,843,809,645,1891.0,-0.8023717274905701,51.20768652731607
7122,26.701,653,596,329,383,887,824,701,1891.0,-0.8010355547553653,51.20768652731608
7123,44.594,737,642,414,343,846,784,661,1891.0,-0.79969938202016,51.20768652731606
7124,79.886,754,723,495,217,721,659,535,1891.0,-0.7983632092849551,51.20768652731606
7125,46.922,782,794,692,245,748,686,563,1891.0,-0.7970270365497503,51.20768652731606
7126,35.861,529,483,336,258,747,685,562,1891.0,-0.7956908638145452,51.20768652731606
7127,18.608,573,409,262,332,821,759,636,1891.0,-0.7943546910793403,51.20768652731607
7128,65.513,674,319,171,436,772,759,740,1891.0,-0.7930185183441354,51.20768652731608
7129,29.549,689,274,129,509,728,715,759,1891.0,-0.7916823456089305,51.20768652731607
7130,2.391,984,441,853,654,1222,1039,1043,1891.0,-0.8143865132785864,51.206722536845795
7131,0.0,946,517,905,706,1132,1091,987,1891.0,-0.8130503582116815,51.20672253684581
7132,0.0,970,848,942,747,1156,1133,1011,1891.0,-0.8117142031447765,51.206722536845795
7133,4.94,823,701,795,974,1009,1156,864,1891.0,-0.8103780480778716,51.20672253684581
7134,0.0,801,679,773,930,987,1134,843,1891.0,-0.8090418930109665,51.20672253684581
7135,1.24,751,628,722,908,937,1083,792,1891.0,-0.8077057379440615,51.206722536845795
7136,23.749,390,379,257,486,866,680,722,1891.0,-0.8050334278102517,51.20672253684581
7137,36.764,400,389,162,496,917,690,767,1891.0,-0.8036972727433467,51.20672253684581
7138,27.143,539,528,103,575,1043,829,867,1891.0,-0.8023611176764415,51.2067225368458
7139,37.659,716,532,393,408,912,850,727,1891.0,-0.8010249626095366,51.2067225368458
7140,80.71,884,788,560,399,902,840,717,1891.0,-0.7996888075426316,51.20672253684581
7141,39.217,836,741,513,351,855,793,670,1891.0,-0.7983526524757267,51.206722536845795
7142,50.389,729,514,536,458,947,872,762,1891.0,-0.7970164974088216,51.2067225368458
7143,36.578,529,483,336,258,747,685,562,1891.0,-0.7956803423419166,51.206722536845795
7144,40.44,523,460,312,306,795,733,610,1891.0,-0.7943441872750115,51.206722536845795
7145,27.17,590,371,224,450,825,812,754,1891.0,-0.7930080322081068,51.2067225368458
7146,24.674,640,332,185,499,786,773,803,1891.0,-0.7916718771412018,51.2067225368458
7147,14.691,671,70,502,708,785,771,829,1891.0,-0.7889995670073918,51.20672253684581
7148,0.0,984,441,853,654,1222,1039,1043,1891.0,-0.8143757450564287,51.205758553805886
7149,0.0,957,527,893,694,1143,1079,999,1891.0,-0.8130396076568281,51.20575855380588
7150,15.252,970,848,942,747,1156,1133,1011,1891.0,-0.8117034702572277,51.20575855380587
7151,4.534,970,848,942,747,1156,1133,1011,1891.0,-0.8103673328576275,51.20575855380588
7152,26.12,78,569,579,174,1302,368,1159,1891.0,-0.809031195458027,51.20575855380588
7153,23.655,103,409,444,199,1144,393,999,1891.0,-0.8076950580584269,51.205758553805886
7154,18.238,112,401,436,208,1135,401,991,1891.0,-0.8063589206588263,51.20575855380588
7155,10.882,263,284,301,359,1000,537,855,1891.0,-0.8050227832592259,51.20575855380588
7156,40.279,433,137,399,529,1099,560,954,1891.0,-0.8036866458596257,51.20575855380588
7157,19.634,510,214,476,606,1176,638,1031,1891.0,-0.8023505084600251,51.20575855380587
7158,74.01,619,323,566,614,1276,687,1091,1891.0,-0.8010143710604248,51.20575855380588
7159,91.79,764,354,502,428,1092,713,907,1891.0,-0.7996782336608246,51.20575855380588
7160,17.528,767,478,574,496,985,837,800,1891.0,-0.7983420962612241,51.205758553805886
7161,32.398,743,499,551,473,962,858,777,1891.0,-0.7970059588616237,51.20575855380588
7162,39.853,556,418,587,350,1050,987,864,1891.0,-0.7956698214620233,51.20575855380587
7163,35.22,399,441,415,388,877,815,692,1891.0,-0.7943336840624229,51.205758553805886
7164,23.237,551,190,416,587,905,892,950,1891.0,-0.7889891344640213,51.205758553805886
7165,0.495,1132,714,656,457,1446,842,846,1891.0,-0.8143649774408913,51.204794578195916
7166,50.778,1332,1083,857,657,1695,1043,1047,1891.0,-0.8116927379743093,51.20479457819593
7167,53.659,126,640,374,30,1141,162,1048,1891.0,-0.8103566182410182,51.204794578195916
7168,52.713,89,603,419,14,1186,207,1093,1891.0,-0.8090204985077271,51.20479457819592
7169,38.811,38,492,506,134,1200,295,1097,1891.0,-0.807684378774436,51.20479457819592
7170,44.662,203,310,447,299,1147,454,1002,1891.0,-0.806348259041145,51.204794578195916
7171,66.76,483,58,478,579,1177,482,1033,1891.0,-0.8036760195745629,51.204794578195916
7172,43.578,538,25,512,634,1211,448,1066,1891.0,-0.802339899841272,51.204794578195916
7173,41.68,680,239,495,543,1205,597,1020,1891.0,-0.8010037801079809,51.204794578195916
7174,59.156,710,287,447,495,1157,646,972,1891.0,-0.7996676603746898,51.204794578195916
7175,34.633,508,370,632,302,1122,1064,941,1891.0,-0.7969954209081077,51.204794578195916
7176,28.056,440,302,565,234,1057,1037,940,1891.0,-0.7956593011748166,51.204794578195916
7177,19.536,232,274,429,258,849,982,732,1891.0,-0.7943231814415257,51.20479457819594
7178,25.777,282,324,479,308,899,1012,782,1891.0,-0.7929870617082346,51.204794578195916
7179,8.246,281,238,479,318,898,1053,781,1891.0,-0.7916509419749437,51.20479457819593
7180,22.122,419,322,548,455,1036,1024,919,1891.0,-0.7903148222416525,51.204794578195916
7181,18.389,1146,806,671,472,1509,857,861,1891.0,-0.8183625166358559,51.2038306100156
7182,32.486,964,669,488,289,1326,674,678,1891.0,-0.817026414567879,51.2038306100156
7183,11.481,941,692,466,266,1303,651,656,1891.0,-0.8156903124999022,51.20383061001559
7184,1.905,414,797,87,318,1011,124,761,1891.0,-0.8143542104319252,51.2038306100156
7185,25.426,357,871,161,261,1063,68,835,1891.0,-0.8130181083639484,51.20383061001561
7186,51.266,265,778,236,169,1156,24,909,1891.0,-0.8116820062959713,51.2038306100156
7187,80.007,203,716,346,107,1218,134,1020,1891.0,-0.8103459042279946,51.2038306100156
7188,44.437,257,484,575,231,1017,146,1145,1891.0,-0.8090098021600176,51.20383061001559
7189,39.757,181,407,646,271,1068,196,1203,1891.0,-0.8076737000920406,51.2038306100156
7190,89.653,229,318,710,325,1065,193,1207,1891.0,-0.8063375980240638,51.2038306100156
7191,12.312,369,144,586,464,1135,288,1140,1891.0,-0.8050014959560868,51.20383061001559
7192,42.272,486,26,558,582,1243,396,1113,1891.0,-0.8036653938881099,51.2038306100156
7193,37.378,570,87,574,666,1257,445,1129,1891.0,-0.802329291820133,51.20383061001561
7194,24.181,851,460,760,466,1173,844,1056,1891.0,-0.800993189752156,51.2038306100156
7195,44.939,775,383,683,389,1097,767,979,1891.0,-0.7996570876841792,51.2038306100156
7196,71.801,572,229,628,235,1076,905,959,1891.0,-0.7983209856162025,51.20383061001561
7197,39.977,440,302,565,234,1057,1037,940,1891.0,-0.7969848835482254,51.2038306100156
7198,47.81,330,192,455,124,948,1147,830,1891.0,-0.7956487814802484,51.2038306100156
7199,30.478,152,194,349,184,769,1073,652,1891.0,-0.7943126794122716,51.20383061001561
7200,8.598,152,194,349,192,769,1076,652,1891.0,-0.7929765773442946,51.2038306100156
7201,22.117,281,238,479,318,898,1053,781,1891.0,-0.7916404752763179,51.20383061001561
7202,9.589,170,90,352,455,772,1201,655,1891.0,-0.790304373208341,51.2038306100156
7203,0.0,1346,966,871,560,1598,1056,930,1891.0,-0.8250321192587435,51.20286664926452
7204,0.229,1281,901,805,495,1533,991,865,1891.0,-0.8236960348550857,51.20286664926452
7205,0.0,1020,640,544,234,1272,730,604,1891.0,-0.8210238660477698,51.20286664926452
7206,1.473,1004,624,528,218,1256,714,588,1891.0,-0.819687781644112,51.20286664926452
7207,20.637,846,597,371,172,1209,557,561,1891.0,-0.8183516972404539,51.20286664926452
7208,14.516,813,563,337,138,1175,523,527,1891.0,-0.8170156128367961,51.202866649264536
7209,17.157,583,649,104,223,1028,293,613,1891.0,-0.8156795284331383,51.20286664926452
7210,23.846,513,712,33,286,958,223,675,1891.0,-0.8143434440294804,51.20286664926452
7211,73.446,414,826,116,318,1036,124,790,1891.0,-0.8130073596258224,51.20286664926453
7212,50.815,476,776,284,381,966,190,958,1891.0,-0.8116712752221646,51.20286664926452
7213,50.039,424,636,459,328,1001,224,1065,1891.0,-0.8103351908185068,51.202866649264536
7214,51.475,297,518,536,201,970,107,1097,1891.0,-0.8089991064148491,51.20286664926453
7215,59.338,269,417,639,295,980,109,1115,1891.0,-0.8076630220111911,51.20286664926452
7216,101.973,194,353,695,289,1030,158,1172,1891.0,-0.806326937607533,51.202866649264536
7217,37.029,369,201,642,465,1081,244,1197,1891.0,-0.8049908532038754,51.20286664926453
7218,26.47,453,270,712,549,999,329,1266,1891.0,-0.8036547688002172,51.202866649264536
7219,34.735,761,578,1020,857,1100,637,1418,1891.0,-0.8023186843965594,51.20286664926453
7220,28.791,851,460,760,466,1173,844,1056,1891.0,-0.8009825999929018,51.202866649264536
7221,30.51,723,331,663,338,1045,819,927,1891.0,-0.7996465155892438,51.20286664926452
7222,30.441,537,146,498,152,880,1002,763,1891.0,-0.7983104311855859,51.20286664926452
7223,55.353,469,77,476,83,924,1057,807,1891.0,-0.796974346781928,51.20286664926452
7224,47.946,293,97,360,29,898,1184,781,1891.0,-0.7956382623782701,51.20286664926452
7225,78.538,243,147,410,79,860,1161,743,1891.0,-0.7943021779746123,51.20286664926453
7226,19.821,57,68,243,328,662,1220,545,1891.0,-0.7929660935709542,51.20286664926452
7227,16.929,170,90,353,455,772,1202,655,1891.0,-0.7916300091672964,51.20286664926452
7228,17.122,170,90,352,455,772,1201,655,1891.0,-0.7902939247636386,51.202866649264536
7229,0.0,1281,901,805,495,1533,991,865,1891.0,-0.825021212156179,51.20190269594232
7230,0.0,1281,901,805,495,1533,991,865,1891.0,-0.8236851454158449,51.20190269594233
7231,2.68,1012,632,536,226,1264,722,596,1891.0,-0.8210130119351771,51.20190269594233
7232,24.777,994,614,518,208,1246,704,578,1891.0,-0.8196769451948434,51.20190269594233
7233,14.046,876,496,401,90,1129,587,460,1891.0,-0.8183408784545093,51.20190269594234
7234,30.266,730,519,254,138,1092,440,482,1891.0,-0.8170048117141756,51.20190269594234
7235,32.461,729,513,254,220,927,440,599,1891.0,-0.8156687449738413,51.20190269594233
7236,28.986,545,691,44,265,968,256,655,1891.0,-0.8143326782335075,51.20190269594233
7237,47.205,620,755,470,524,872,331,947,1891.0,-0.8116605447528397,51.20190269594233
7238,32.039,534,668,439,438,813,245,888,1891.0,-0.8103244780125058,51.20190269594232
7239,50.984,463,558,557,401,827,135,903,1891.0,-0.8089884112721719,51.20190269594232
7240,53.362,352,423,638,300,871,6,1014,1891.0,-0.8076523445318383,51.20190269594232
7241,33.782,518,589,691,466,788,166,1003,1891.0,-0.8063162777915042,51.20190269594234
7242,31.327,668,485,927,764,801,543,1160,1891.0,-0.8049802110511703,51.20190269594233
7243,33.178,556,374,815,652,895,432,1214,1891.0,-0.8036441443108364,51.20190269594232
7244,24.096,668,486,927,764,1007,544,1326,1891.0,-0.8023080775705024,51.20190269594233
7245,25.741,558,167,498,173,880,967,763,1891.0,-0.7982998773495008,51.20190269594233
7246,12.588,419,27,418,34,826,1108,709,1891.0,-0.7969638106091671,51.20190269594234
7247,75.759,385,6,392,0,852,1123,735,1891.0,-0.7956277438688332,51.20190269594233
7248,31.85,142,169,268,388,525,1319,408,1891.0,-0.7929556103881654,51.20190269594232
7249,22.092,216,243,354,475,592,1393,475,1891.0,-0.7916195436478314,51.20190269594234
7250,18.844,311,265,449,570,688,1377,570,1891.0,-0.7902834769074976,51.20190269594233
7251,7.071,414,388,552,673,791,1499,673,1891.0,-0.7889474101671637,51.20190269594234
7252,5.245,1019,417,544,233,1143,730,331,1891.0,-0.8210021584339813,51.2009387500487
7253,18.529,876,496,401,90,1129,587,460,1891.0,-0.8196661093559766,51.20093875004869
7254,44.489,827,419,351,41,1052,537,383,1891.0,-0.8183300602779715,51.20093875004869
7255,47.382,795,448,319,286,862,505,533,1891.0,-0.8169940111999667,51.20093875004869
7256,56.389,778,464,303,269,878,489,549,1891.0,-0.8156579621219618,51.2009387500487
7257,43.129,665,799,515,569,916,376,991,1891.0,-0.8116498148879475,51.2009387500487
7258,46.809,591,650,476,510,713,240,788,1891.0,-0.8103137658099426,51.200938750048685
7259,13.396,730,801,808,678,814,378,1172,1891.0,-0.8089777167319375,51.200938750048685
7260,26.713,620,691,698,567,729,267,1062,1891.0,-0.8076416676539329,51.200938750048685
7261,51.775,564,635,658,512,663,212,1017,1891.0,-0.806305618575928,51.20093875004869
7262,27.463,706,523,945,753,763,581,1122,1891.0,-0.8049695694979231,51.20093875004868
7263,8.006,519,462,726,468,723,655,990,1891.0,-0.8022974713419134,51.20093875004869
7264,15.221,652,329,660,335,856,788,925,1891.0,-0.8009614222639087,51.20093875004869
7265,9.506,676,305,636,311,880,812,901,1891.0,-0.7996253731859037,51.20093875004869
7266,17.648,534,143,474,149,856,974,739,1891.0,-0.798289324107899,51.2009387500487
7267,7.657,368,331,133,315,660,1247,542,1891.0,-0.795617225951889,51.200938750048685
7268,54.818,309,324,74,256,719,1306,602,1891.0,-0.7942811768738843,51.2009387500487
7269,14.533,235,262,234,326,443,1388,326,1891.0,-0.7929451277958794,51.20093875004869
7270,11.785,269,296,291,268,385,1446,268,1891.0,-0.7916090787178746,51.20093875004869
7271,18.808,322,350,460,438,556,1499,438,1891.0,-0.7902730296398698,51.2009387500487
7272,8.805,401,401,518,523,640,1532,523,1891.0,-0.788936980561865,51.20093875004869
7273,25.085,1147,397,672,361,1241,858,311,1891.0,-0.8223273369608035,51.199974811583246
7274,33.134,1125,341,650,336,1183,835,256,1891.0,-0.8209913055441328,51.199974811583246
7275,39.966,1098,338,623,313,1167,809,253,1891.0,-0.8196552741274621,51.199974811583246
7276,67.862,894,316,419,88,949,605,280,1891.0,-0.8183192427107914,51.199974811583246
7277,57.986,974,237,498,9,869,684,200,1891.0,-0.8169832112941207,51.199974811583246
7278,66.098,923,320,414,190,734,633,405,1891.0,-0.8156471798774497,51.19997481158324
7279,13.466,893,388,203,368,455,540,473,1891.0,-0.8129751170441086,51.199974811583246
7280,50.015,749,532,321,512,558,396,617,1891.0,-0.8116390856274379,51.19997481158324
7281,42.07,803,602,251,582,488,450,687,1891.0,-0.8103030542107672,51.199974811583246
7282,3.652,705,776,783,653,788,353,1147,1891.0,-0.8089670227940965,51.199974811583246
7283,18.996,580,651,658,528,663,228,1022,1891.0,-0.807630991377426,51.199974811583246
7284,34.18,608,679,610,556,616,255,974,1891.0,-0.8062949599607551,51.19997481158324
7285,22.647,723,632,893,671,655,587,1013,1891.0,-0.8049589285440846,51.199974811583246
7286,11.906,655,597,825,604,610,542,969,1891.0,-0.803622897127414,51.199974811583246
7287,24.381,532,474,738,481,710,642,1003,1891.0,-0.8022868657107431,51.199974811583246
7288,18.126,337,595,543,602,906,838,807,1891.0,-0.8009508342940724,51.199974811583246
7289,11.083,268,492,440,499,822,941,704,1891.0,-0.7996148028774018,51.199974811583246
7290,14.969,347,405,352,411,734,1028,617,1891.0,-0.7982787714607313,51.199974811583246
7291,17.331,440,324,272,330,650,1139,533,1891.0,-0.7969427400440604,51.19997481158324
7292,4.243,441,276,206,282,587,1193,470,1891.0,-0.7956067086273896,51.19997481158324
7293,18.388,309,324,74,256,719,1306,602,1891.0,-0.7942706772107191,51.19997481158324
7294,20.285,382,410,401,290,407,1455,290,1891.0,-0.7929346457940484,51.199974811583246
7295,19.212,347,375,324,213,330,1524,213,1891.0,-0.7915986143773778,51.199974811583246
7296,3.793,606,633,321,210,327,1719,210,1891.0,-0.790262582960707,51.199974811583246
7297,9.264,501,528,432,321,438,1678,321,1891.0,-0.7889265515440362,51.19997481158324
7298,18.582,1268,330,793,371,1174,978,245,1891.0,-0.8223164670219125,51.199010880545615
7299,52.582,1197,283,722,325,1128,907,198,1891.0,-0.8209804532655812,51.199010880545615
7300,47.168,1181,232,706,273,1076,891,147,1891.0,-0.8196444395092499,51.199010880545615
7301,55.302,1075,185,599,91,952,785,99,1891.0,-0.8183084257529187,51.199010880545615
7302,48.866,1035,176,542,15,808,745,237,1891.0,-0.8169724119965872,51.199010880545615
7303,70.354,1033,221,420,180,672,719,307,1891.0,-0.8156363982402559,51.199010880545615
7304,45.765,971,466,125,446,377,619,551,1891.0,-0.8129643707275934,51.199010880545615
7305,60.247,917,624,164,604,396,565,709,1891.0,-0.8116283569712622,51.199010880545615
7306,28.917,932,752,275,732,337,580,696,1891.0,-0.8102923432149307,51.19901088054561
7307,81.937,868,819,352,796,404,516,762,1891.0,-0.8089563294585995,51.19901088054562
7308,42.882,760,831,457,708,495,408,853,1891.0,-0.8076203157022683,51.199010880545615
7309,40.116,615,774,662,761,410,461,769,1891.0,-0.806284301945937,51.199010880545615
7310,14.821,660,728,701,715,456,431,814,1891.0,-0.8049482881896055,51.199010880545615
7311,22.393,682,625,798,631,560,492,918,1891.0,-0.8036122744332743,51.199010880545615
7312,35.709,355,602,561,608,888,820,825,1891.0,-0.8009402469206117,51.19901088054561
7313,9.71,251,510,457,516,839,924,721,1891.0,-0.7996042331642804,51.199010880545615
7314,0.715,187,565,512,569,686,1189,569,1891.0,-0.7982682194079491,51.199010880545615
7315,5.922,285,527,474,465,582,1224,465,1891.0,-0.7969322056516178,51.199010880545615
7316,15.404,347,439,386,403,520,1296,403,1891.0,-0.7955961918952865,51.19901088054562
7317,26.129,436,487,409,298,415,1374,298,1891.0,-0.7942601781389554,51.19901088054562
7318,18.559,422,449,361,250,368,1415,250,1891.0,-0.7929241643826239,51.199010880545615
7319,18.199,476,504,177,66,183,1585,66,1891.0,-0.7915881506262926,51.199010880545615
7320,23.322,607,634,326,215,332,1724,215,1891.0,-0.7902521368699615,51.199010880545615
7321,30.867,663,690,348,237,354,1771,237,1891.0,-0.7889161231136301,51.199010880545615
7322,1.015,1399,404,924,397,1305,1110,199,1891.0,-0.8236415937922501,51.19804695693546
7323,5.826,1399,404,924,397,1305,1110,199,1891.0,-0.8223055976952633,51.19804695693546
7324,19.891,1303,262,823,319,1107,1013,177,1891.0,-0.8209696015982768,51.19804695693546
7325,31.941,1175,106,679,191,950,885,20,1891.0,-0.81963360550129,51.19804695693546
7326,38.641,1212,1,593,192,845,922,84,1891.0,-0.8182976094043035,51.19804695693546
7327,34.677,1149,61,530,129,782,860,146,1891.0,-0.8169616133073169,51.19804695693544
7328,82.939,1156,181,481,225,733,818,266,1891.0,-0.8156256172103302,51.19804695693546
7329,46.817,988,525,66,505,318,636,611,1891.0,-0.8129536250163572,51.19804695693546
7330,51.117,1034,609,17,589,234,720,592,1891.0,-0.8116176289193705,51.19804695693546
7331,28.945,1004,753,216,733,268,652,626,1891.0,-0.8102816328223837,51.19804695693544
7332,43.362,932,752,285,732,337,580,696,1891.0,-0.808945636725397,51.19804695693544
7333,31.865,787,971,465,958,213,658,571,1891.0,-0.8076096406284107,51.19804695693546
7334,50.836,550,843,727,830,475,529,772,1891.0,-0.8062736445314238,51.198046956935464
7335,30.537,546,843,731,830,479,529,772,1891.0,-0.8049376484344373,51.19804695693544
7336,31.012,69,691,639,697,843,1106,726,1891.0,-0.7995936640464909,51.19804695693546
7337,40.678,108,644,591,592,710,1184,592,1891.0,-0.7982576679495044,51.19804695693546
7338,70.817,267,527,474,465,582,1243,465,1891.0,-0.7969216718525177,51.19804695693546
7339,28.538,322,565,466,379,496,1310,379,1891.0,-0.795585675755531,51.19804695693546
7340,21.434,354,562,413,302,419,1388,302,1891.0,-0.7942496796585445,51.19804695693546
7341,51.3,552,662,319,208,326,1585,208,1891.0,-0.7929136835615579,51.198046956935464
7342,33.525,548,575,100,36,106,1656,36,1891.0,-0.7915776874645712,51.19804695693546
7343,23.063,589,616,59,51,66,1697,51,1891.0,-0.7902416913675846,51.19804695693546
7344,13.996,734,761,419,308,425,1842,308,1891.0,-0.7889056952705978,51.19804695693546
7345,0.118,1399,404,924,397,1305,1110,199,1891.0,-0.8236307074194426,51.197083040752396
7346,2.354,1465,296,967,289,1213,1176,91,1891.0,-0.8222947289808059,51.197083040752396
7347,23.304,1351,261,853,367,1105,1061,176,1891.0,-0.8209587505421694,51.197083040752396
7348,47.758,1351,251,793,350,1000,1062,251,1891.0,-0.8196227721035328,51.197083040752396
7349,62.229,1349,238,730,330,893,1060,323,1891.0,-0.8182867936648963,51.197083040752396
7350,17.115,1254,142,635,234,798,964,228,1891.0,-0.8169508152262597,51.197083040752396
7351,39.557,1309,334,634,378,886,971,419,1891.0,-0.8156148367876231,51.197083040752396
7352,59.091,1270,954,721,938,469,1341,600,1891.0,-0.8142788583489866,51.197083040752396
7353,4.888,1187,871,638,855,387,1258,517,1891.0,-0.81294287991035,51.197083040752396
7354,21.736,965,679,86,658,165,771,523,1891.0,-0.8116069014717134,51.19708304075239
7355,31.293,863,781,189,761,62,855,421,1891.0,-0.810270923033077,51.1970830407524
7356,40.437,687,957,365,937,113,758,471,1891.0,-0.8089349445944404,51.197083040752396
7357,27.493,774,984,452,971,200,671,559,1891.0,-0.8075989661558038,51.197083040752396
7358,23.642,501,1197,691,1158,439,884,728,1891.0,-0.8062629877171671,51.197083040752396
7359,38.757,423,966,782,952,530,652,649,1891.0,-0.8049270092785307,51.197083040752396
7360,14.178,346,1042,705,1003,453,729,573,1891.0,-0.8035910308398941,51.197083040752396
7361,14.723,203,931,848,860,596,872,716,1891.0,-0.8022550524012576,51.197083040752396
7362,24.609,144,871,842,801,656,931,775,1891.0,-0.8009190739626211,51.197083040752396
7363,21.76,26,768,712,641,758,1102,641,1891.0,-0.7995830955239842,51.19708304075239
7364,18.734,245,809,649,538,595,1321,538,1891.0,-0.7982471170853479,51.197083040752396
7365,30.162,230,764,604,493,595,1306,493,1891.0,-0.7969111386467113,51.197083040752396
7366,26.873,317,589,450,339,456,1350,339,1891.0,-0.7955751602080746,51.197083040752396
7367,29.838,447,655,356,245,363,1480,245,1891.0,-0.7942391817694383,51.1970830407524
7368,14.387,496,703,271,160,277,1529,160,1891.0,-0.7929032033308016,51.197083040752396
7369,38.922,681,708,151,143,26,1767,143,1891.0,-0.7915672248921649,51.1970830407524
7370,30.002,675,702,126,137,34,1775,137,1891.0,-0.7902312464535285,51.1970830407524
7371,49.552,772,800,124,235,134,1846,235,1891.0,-0.788895268014892,51.197083040752396
7372,0.324,1631,12,1133,303,1227,1341,205,1891.0,-0.8236198216597713,51.196119131996085
7373,10.299,1631,12,1133,303,1227,1341,205,1891.0,-0.8222838608784903,51.196119131996085
7374,38.313,1451,180,953,172,1097,1161,24,1891.0,-0.8209479000972091,51.19611913199609
7375,40.924,1456,335,837,427,1000,1166,420,1891.0,-0.8196119393159284,51.1961191319961
7376,29.178,1399,288,780,379,943,1110,373,1891.0,-0.8182759785346472,51.19611913199609
7377,34.245,1414,302,795,288,638,1124,388,1891.0,-0.816940017753366,51.196119131996085
7378,42.527,1187,871,638,855,387,1258,517,1891.0,-0.814268096190804,51.196119131996085
7379,33.22,1095,779,546,762,294,1166,424,1891.0,-0.8129321354095229,51.1961191319961
7380,20.685,908,833,359,816,108,979,350,1891.0,-0.8115961746282419,51.19611913199609
7381,30.736,837,850,258,830,37,878,375,1891.0,-0.8102602138469608,51.19611913199609
7382,25.02,741,927,335,907,83,934,441,1891.0,-0.8089242530656798,51.1961191319961
7383,24.266,556,1088,496,1068,244,889,602,1891.0,-0.8075882922843988,51.196119131996085
7384,23.771,522,1217,712,1179,460,904,748,1891.0,-0.8062523315031177,51.19611913199609
7385,15.029,388,1084,663,1046,411,771,615,1891.0,-0.8049163707218364,51.19611913199609
7386,9.147,286,1013,774,943,522,798,642,1891.0,-0.8035804099405557,51.19611913199609
7387,7.951,203,931,848,860,596,872,716,1891.0,-0.8022444491592745,51.19611913199609
7388,8.303,149,876,847,806,651,926,770,1891.0,-0.8009084883779936,51.196119131996085
7389,16.342,202,955,841,736,707,1066,736,1891.0,-0.7995725275967124,51.19611913199609
7390,41.771,290,947,726,651,611,1241,651,1891.0,-0.7982365668154313,51.196119131996085
7391,59.674,381,934,598,558,459,1353,558,1891.0,-0.7969006060341502,51.19611913199609
7392,28.451,480,869,499,459,360,1408,459,1891.0,-0.7955646452528691,51.19611913199609
7393,28.375,568,839,411,404,271,1497,404,1891.0,-0.794228684471588,51.196119131996085
7394,38.523,663,886,316,321,176,1591,321,1891.0,-0.7928927236903072,51.196119131996085
7395,26.436,723,808,238,243,99,1669,243,1891.0,-0.791556762909026,51.19611913199609
7396,16.828,776,803,161,238,45,1814,238,1891.0,-0.790220802127745,51.19611913199609
7397,34.181,867,895,244,330,133,1902,330,1891.0,-0.7888848413464639,51.196119131996085
7398,0.5,1631,0,1133,303,1228,1342,205,1891.0,-0.8236089365131863,51.19515523066617
7399,21.377,1620,101,1122,292,1216,1330,194,1891.0,-0.8222729933882663,51.19515523066616
7400,62.052,1594,273,1095,57,982,1304,167,1891.0,-0.8209370502633464,51.19515523066617
7401,62.341,1639,327,1060,23,900,1350,221,1891.0,-0.8196011071384265,51.19515523066617
7402,67.359,1359,382,810,368,558,1204,353,1891.0,-0.8169292208885862,51.19515523066617
7403,33.454,1277,463,729,447,477,1286,272,1891.0,-0.8155932777636664,51.195155230666174
7404,40.277,1164,621,615,605,363,1235,313,1891.0,-0.8142573346387464,51.19515523066616
7405,26.989,1058,748,510,732,258,1130,388,1891.0,-0.8129213915138263,51.195155230666174
7406,23.296,953,816,405,800,153,1025,323,1891.0,-0.8115854483889063,51.19515523066616
7407,43.198,861,879,313,863,61,933,392,1891.0,-0.8102495052639863,51.19515523066616
7408,26.268,832,1004,456,988,204,1076,219,1891.0,-0.8089135621390664,51.195155230666174
7409,45.927,670,1019,427,999,175,1047,489,1891.0,-0.8075776190141463,51.19515523066616
7410,31.673,608,1154,562,1134,310,991,355,1891.0,-0.8062416758892264,51.195155230666174
7411,3.574,514,1185,608,1142,356,896,430,1891.0,-0.8049057327643063,51.195155230666174
7412,4.38,488,1241,735,1022,483,998,538,1891.0,-0.8035697896393862,51.19515523066616
7413,13.477,445,1198,771,979,519,1034,569,1891.0,-0.8022338465144663,51.19515523066617
7414,16.583,296,1049,875,830,668,1145,718,1891.0,-0.8008979033895464,51.19515523066617
7415,5.501,270,1023,857,804,694,1134,745,1891.0,-0.7995619602646262,51.19515523066616
7416,7.287,323,1001,720,681,581,1187,681,1891.0,-0.7982260171397062,51.19515523066617
7417,20.696,392,956,660,620,521,1263,620,1891.0,-0.7968900740147864,51.19515523066616
7418,23.646,502,916,547,507,408,1430,507,1891.0,-0.7955541308898662,51.19515523066616
7419,18.188,493,856,486,447,347,1421,447,1891.0,-0.7942181877649461,51.19515523066617
7420,15.736,1052,1079,453,514,314,2083,514,1891.0,-0.7928822446400262,51.19515523066616
7421,5.492,1052,1079,453,514,314,2083,514,1891.0,-0.7915463015151061,51.19515523066617
7422,18.242,870,897,271,332,132,1901,332,1891.0,-0.7902103583901862,51.19515523066616
7423,6.437,856,883,257,318,118,1887,318,1891.0,-0.7888744152652661,51.19515523066617
7424,28.919,1199,541,651,525,399,1271,233,1891.0,-0.8142465736927642,51.19419133676229
7425,17.982,1380,731,879,715,627,1499,141,1891.0,-0.812910648223211,51.19419133676229
7426,15.565,1040,817,492,800,240,1112,254,1891.0,-0.8115747227536577,51.19419133676229
7427,21.325,880,956,438,940,186,1058,193,1891.0,-0.8102387972841041,51.19419133676229
7428,40.501,873,991,447,975,195,1067,178,1891.0,-0.8089028718145509,51.19419133676229
7429,44.441,733,1103,555,1087,303,1106,274,1891.0,-0.8075669463449976,51.19419133676229
7430,12.617,723,1215,666,1198,414,1105,205,1891.0,-0.8062310208754442,51.19419133676229
7431,10.817,657,1410,880,1191,628,1173,357,1891.0,-0.8048950954058908,51.19419133676229
7432,5.605,596,1349,883,1131,631,1146,597,1891.0,-0.8035591699363374,51.19419133676229
7433,7.043,596,1349,885,1131,633,1148,683,1891.0,-0.8022232444667842,51.194191336762294
7434,25.965,1354,705,853,620,601,1473,115,1891.0,-0.814235813352808,51.19322745028409
7435,22.285,1239,736,884,720,632,1504,0,1891.0,-0.8128999055376269,51.19322745028408
7436,5.4,1176,952,627,936,375,1247,389,1891.0,-0.811563997722446,51.19322745028409
7437,6.171,974,992,532,976,280,1152,78,1891.0,-0.810228089907265,51.193227450284084
7438,11.417,920,1060,599,1044,347,1219,10,1891.0,-0.808892182092084,51.193227450284084
7439,18.409,729,1221,673,1205,421,1112,207,1891.0,-0.807556274276903,51.193227450284084
7440,22.716,811,1290,807,1274,555,1250,219,1891.0,-0.8062203664617222,51.193227450284084
7441,18.036,723,1362,814,1257,562,1239,292,1891.0,-0.804884458646541,51.193227450284084
7442,4.643,596,1349,885,1131,633,1148,683,1891.0,-0.8035485508313602,51.193227450284084
7443,0.0,596,1349,885,1131,633,1148,683,1891.0,-0.8022126430161792,51.193227450284084
7444,16.216,1397,747,895,594,643,1515,157,1891.0,-0.8142250536188281,51.1922635712312
7445,22.21,1239,736,884,720,632,1504,0,1891.0,-0.8128891634570253,51.1922635712312
7446,22.885,1104,870,795,854,543,1415,134,1891.0,-0.8115532732952225,51.1922635712312
7447,17.022,920,1071,610,1055,358,1230,0,1891.0,-0.8088814929716169,51.19226357123121
7448,42.174,816,1269,808,1253,556,1255,198,1891.0,-0.8062097126480112,51.19226357123121
